sample,bin_size,PC_pair,TH,RMSE
sample_2_ref_1_3,0.1,"1,2",-1,0.08473360051880514
sample_2_ref_1_3,0.1,"1,3",-1,0.0795099499998543
sample_2_ref_1_3,0.1,"1,4",-1,0.17577327629209524
sample_2_ref_1_3,0.1,"1,5",-1,0.22028460393066848
sample_2_ref_1_3,0.1,"1,6",-1,0.4109496771469482
sample_2_ref_1_3,0.1,"2,3",-1,0.07017153090287667
sample_2_ref_1_3,0.1,"2,4",-1,0.06821234559551019
sample_2_ref_1_3,0.1,"2,5",-1,0.09426276343631591
sample_2_ref_1_3,0.1,"2,6",-1,0.4965464457893624
sample_2_ref_1_3,0.1,"3,4",-1,0.19383258842304227
sample_2_ref_1_3,0.1,"3,5",-1,0.17223638689411383
sample_2_ref_1_3,0.1,"3,6",-1,0.6861685548293424
sample_2_ref_1_3,0.1,"4,5",-1,0.27890960116719965
sample_2_ref_1_3,0.1,"4,6",-1,0.8025148327884577
sample_2_ref_1_3,0.1,"5,6",-1,0.8170146993452665
sample_2_ref_1_3,0.2,"1,2",-1,0.09418922865615968
sample_2_ref_1_3,0.2,"1,3",-1,0.2280661341635196
sample_2_ref_1_3,0.2,"1,4",-1,0.5350242817576942
sample_2_ref_1_3,0.2,"1,5",-1,0.2116698437231214
sample_2_ref_1_3,0.2,"1,6",-1,0.1477935221831631
sample_2_ref_1_3,0.2,"2,3",-1,0.08161866696047891
sample_2_ref_1_3,0.2,"2,4",-1,0.5394069687613178
sample_2_ref_1_3,0.2,"2,5",-1,0.10746396085325534
sample_2_ref_1_3,0.2,"2,6",-1,0.10042133048385515
sample_2_ref_1_3,0.2,"3,4",-1,0.8270013903633913
sample_2_ref_1_3,0.2,"3,5",-1,0.3521303919625061
sample_2_ref_1_3,0.2,"3,6",-1,0.17790399723434522
sample_2_ref_1_3,0.2,"4,5",-1,0.8939698247362518
sample_2_ref_1_3,0.2,"4,6",-1,0.8779659570068977
sample_2_ref_1_3,0.2,"5,6",-1,0.31966507660831656
sample_2_ref_1_3,0.3,"1,2",-1,0.10581949037553245
sample_2_ref_1_3,0.3,"1,3",-1,0.23864491354108194
sample_2_ref_1_3,0.3,"1,4",-1,0.5822487818783902
sample_2_ref_1_3,0.3,"1,5",-1,0.3400142488226882
sample_2_ref_1_3,0.3,"1,6",-1,0.2337650196630593
sample_2_ref_1_3,0.3,"2,3",-1,0.12745270959455085
sample_2_ref_1_3,0.3,"2,4",-1,0.5230404848654668
sample_2_ref_1_3,0.3,"2,5",-1,0.15243418159743216
sample_2_ref_1_3,0.3,"2,6",-1,0.15386540371888294
sample_2_ref_1_3,0.3,"3,4",-1,0.800671344451184
sample_2_ref_1_3,0.3,"3,5",-1,0.4830966232762016
sample_2_ref_1_3,0.3,"3,6",-1,0.2583596436187196
sample_2_ref_1_3,0.3,"4,5",-1,0.9177397806443394
sample_2_ref_1_3,0.3,"4,6",-1,0.9058161084202482
sample_2_ref_1_3,0.3,"5,6",-1,0.40920548494998443
sample_2_ref_1_3,0.4,"1,2",-1,0.12268398229683512
sample_2_ref_1_3,0.4,"1,3",-1,0.23048569752084577
sample_2_ref_1_3,0.4,"1,4",-1,0.19977747750100044
sample_2_ref_1_3,0.4,"1,5",-1,0.3185545586552009
sample_2_ref_1_3,0.4,"1,6",-1,0.2762771239507168
sample_2_ref_1_3,0.4,"2,3",-1,0.17288302663644423
sample_2_ref_1_3,0.4,"2,4",-1,0.14931281746397274
sample_2_ref_1_3,0.4,"2,5",-1,0.1410345529469534
sample_2_ref_1_3,0.4,"2,6",-1,0.18497310251608176
sample_2_ref_1_3,0.4,"3,4",-1,0.3162904484460962
sample_2_ref_1_3,0.4,"3,5",-1,0.3621241390503696
sample_2_ref_1_3,0.4,"3,6",-1,0.38117843766662807
sample_2_ref_1_3,0.4,"4,5",-1,0.37766197241492827
sample_2_ref_1_3,0.4,"4,6",-1,0.5165535395280962
sample_2_ref_1_3,0.4,"5,6",-1,0.5174175328726998
sample_2_ref_1_3,0.5,"1,2",-1,0.12302304644601848
sample_2_ref_1_3,0.5,"1,3",-1,0.29761279094294724
sample_2_ref_1_3,0.5,"1,4",-1,0.494110042022864
sample_2_ref_1_3,0.5,"1,5",-1,0.36946735858826574
sample_2_ref_1_3,0.5,"1,6",-1,0.4334753230690471
sample_2_ref_1_3,0.5,"2,3",-1,0.15256510469545467
sample_2_ref_1_3,0.5,"2,4",-1,0.347955646673713
sample_2_ref_1_3,0.5,"2,5",-1,0.3365403989223651
sample_2_ref_1_3,0.5,"2,6",-1,0.37256665422141266
sample_2_ref_1_3,0.5,"3,4",-1,0.6598253982312562
sample_2_ref_1_3,0.5,"3,5",-1,0.49976258161167486
sample_2_ref_1_3,0.5,"3,6",-1,0.5716861974416374
sample_2_ref_1_3,0.5,"4,5",-1,0.3732455685605046
sample_2_ref_1_3,0.5,"4,6",-1,0.8568384372122317
sample_2_ref_1_3,0.5,"5,6",-1,0.8712131688615689
sample_2_ref_1_3,0.6,"1,2",-1,0.13260324779441984
sample_2_ref_1_3,0.6,"1,3",-1,0.28626903266699544
sample_2_ref_1_3,0.6,"1,4",-1,0.25797742950531843
sample_2_ref_1_3,0.6,"1,5",-1,0.4820870397565524
sample_2_ref_1_3,0.6,"1,6",-1,0.2613018523157456
sample_2_ref_1_3,0.6,"2,3",-1,0.24944196297682125
sample_2_ref_1_3,0.6,"2,4",-1,0.2448943580029945
sample_2_ref_1_3,0.6,"2,5",-1,0.5658875665866228
sample_2_ref_1_3,0.6,"2,6",-1,0.269132398460563
sample_2_ref_1_3,0.6,"3,4",-1,0.34553260510464257
sample_2_ref_1_3,0.6,"3,5",-1,0.8123789966514077
sample_2_ref_1_3,0.6,"3,6",-1,0.4214309575748802
sample_2_ref_1_3,0.6,"4,5",-1,0.8210777475733669
sample_2_ref_1_3,0.6,"4,6",-1,0.3608437879756839
sample_2_ref_1_3,0.6,"5,6",-1,0.8726738211413733
sample_2_ref_1_3,0.7,"1,2",-1,0.14218072002672683
sample_2_ref_1_3,0.7,"1,3",-1,0.31657377826256944
sample_2_ref_1_3,0.7,"1,4",-1,0.2393573723927981
sample_2_ref_1_3,0.7,"1,5",-1,0.2305812113113981
sample_2_ref_1_3,0.7,"1,6",-1,0.24295444875675584
sample_2_ref_1_3,0.7,"2,3",-1,0.18690264522128366
sample_2_ref_1_3,0.7,"2,4",-1,0.2418890108462004
sample_2_ref_1_3,0.7,"2,5",-1,0.3404847566927813
sample_2_ref_1_3,0.7,"2,6",-1,0.4645066704282806
sample_2_ref_1_3,0.7,"3,4",-1,0.35321801533720754
sample_2_ref_1_3,0.7,"3,5",-1,0.4056229537415433
sample_2_ref_1_3,0.7,"3,6",-1,0.5479048403195154
sample_2_ref_1_3,0.7,"4,5",-1,0.4617098415103372
sample_2_ref_1_3,0.7,"4,6",-1,0.6865695941325651
sample_2_ref_1_3,0.7,"5,6",-1,0.7263590333805577
sample_2_ref_1_3,0.8,"1,2",-1,0.16559814164174683
sample_2_ref_1_3,0.8,"1,3",-1,0.24198820499862345
sample_2_ref_1_3,0.8,"1,4",-1,0.24465548923500705
sample_2_ref_1_3,0.8,"1,5",-1,0.1992113490869508
sample_2_ref_1_3,0.8,"1,6",-1,0.24037675085058263
sample_2_ref_1_3,0.8,"2,3",-1,0.1957821618947114
sample_2_ref_1_3,0.8,"2,4",-1,0.4660995304345163
sample_2_ref_1_3,0.8,"2,5",-1,0.4729194619889039
sample_2_ref_1_3,0.8,"2,6",-1,0.4896760181810857
sample_2_ref_1_3,0.8,"3,4",-1,0.4581846507208302
sample_2_ref_1_3,0.8,"3,5",-1,0.5436133074853563
sample_2_ref_1_3,0.8,"3,6",-1,0.49633709879343046
sample_2_ref_1_3,0.8,"4,5",-1,0.4946582895575699
sample_2_ref_1_3,0.8,"4,6",-1,0.6283047071203298
sample_2_ref_1_3,0.8,"5,6",-1,0.6714862609796147
sample_2_ref_1_3,0.9,"1,2",-1,0.1983952031060524
sample_2_ref_1_3,0.9,"1,3",-1,0.2511319951123179
sample_2_ref_1_3,0.9,"1,4",-1,0.2833411117058982
sample_2_ref_1_3,0.9,"1,5",-1,0.2314497319632826
sample_2_ref_1_3,0.9,"1,6",-1,0.4366551856088519
sample_2_ref_1_3,0.9,"2,3",-1,0.25496678761189906
sample_2_ref_1_3,0.9,"2,4",-1,0.32522214228233226
sample_2_ref_1_3,0.9,"2,5",-1,0.27625452321152605
sample_2_ref_1_3,0.9,"2,6",-1,0.5999251485898683
sample_2_ref_1_3,0.9,"3,4",-1,0.5147352841217008
sample_2_ref_1_3,0.9,"3,5",-1,0.40356845141660186
sample_2_ref_1_3,0.9,"3,6",-1,0.75670837304079
sample_2_ref_1_3,0.9,"4,5",-1,0.5052859913323959
sample_2_ref_1_3,0.9,"4,6",-1,0.8138877728839631
sample_2_ref_1_3,0.9,"5,6",-1,0.8543263758388778
sample_2_ref_1_3,1.0,"1,2",-1,0.1978889198306508
sample_2_ref_1_3,1.0,"1,3",-1,0.23244961562303149
sample_2_ref_1_3,1.0,"1,4",-1,0.3512695067422085
sample_2_ref_1_3,1.0,"1,5",-1,0.41391898919241527
sample_2_ref_1_3,1.0,"1,6",-1,0.29293708802238166
sample_2_ref_1_3,1.0,"2,3",-1,0.2974413580992544
sample_2_ref_1_3,1.0,"2,4",-1,0.4655612619431484
sample_2_ref_1_3,1.0,"2,5",-1,0.5672163410269107
sample_2_ref_1_3,1.0,"2,6",-1,0.5284810460725891
sample_2_ref_1_3,1.0,"3,4",-1,0.6206853831872441
sample_2_ref_1_3,1.0,"3,5",-1,0.8129101528119738
sample_2_ref_1_3,1.0,"3,6",-1,0.5221734579455681
sample_2_ref_1_3,1.0,"4,5",-1,0.8856168307824615
sample_2_ref_1_3,1.0,"4,6",-1,0.7422953480197585
sample_2_ref_1_3,1.0,"5,6",-1,0.7715869219148836
sample_2_ref_1_3,1.1,"1,2",-1,0.3102787454373941
sample_2_ref_1_3,1.1,"1,3",-1,0.3697782917787805
sample_2_ref_1_3,1.1,"1,4",-1,0.36559544441758324
sample_2_ref_1_3,1.1,"1,5",-1,0.45446494563027934
sample_2_ref_1_3,1.1,"1,6",-1,0.4090812554541873
sample_2_ref_1_3,1.1,"2,3",-1,0.373887073788643
sample_2_ref_1_3,1.1,"2,4",-1,0.5259215608008322
sample_2_ref_1_3,1.1,"2,5",-1,0.7795700962742567
sample_2_ref_1_3,1.1,"2,6",-1,0.6568044101105829
sample_2_ref_1_3,1.1,"3,4",-1,0.7789811945217111
sample_2_ref_1_3,1.1,"3,5",-1,0.8909833807827708
sample_2_ref_1_3,1.1,"3,6",-1,0.7812566951439364
sample_2_ref_1_3,1.1,"4,5",-1,0.938038422127967
sample_2_ref_1_3,1.1,"4,6",-1,0.750758742387089
sample_2_ref_1_3,1.1,"5,6",-1,0.8297920458339866
sample_2_ref_1_3,1.2,"1,2",-1,0.2955106943798596
sample_2_ref_1_3,1.2,"1,3",-1,0.3882816637733438
sample_2_ref_1_3,1.2,"1,4",-1,0.3401033881793153
sample_2_ref_1_3,1.2,"1,5",-1,0.38253855504906736
sample_2_ref_1_3,1.2,"1,6",-1,0.3275224541354105
sample_2_ref_1_3,1.2,"2,3",-1,0.3868483730679232
sample_2_ref_1_3,1.2,"2,4",-1,0.7021085264775005
sample_2_ref_1_3,1.2,"2,5",-1,0.7407533894075814
sample_2_ref_1_3,1.2,"2,6",-1,0.6398293476537982
sample_2_ref_1_3,1.2,"3,4",-1,0.9172164268392969
sample_2_ref_1_3,1.2,"3,5",-1,0.8956581549133977
sample_2_ref_1_3,1.2,"3,6",-1,0.8461185897887381
sample_2_ref_1_3,1.2,"4,5",-1,0.8963970282020892
sample_2_ref_1_3,1.2,"4,6",-1,0.8350203710462097
sample_2_ref_1_3,1.2,"5,6",-1,0.959199888880758
sample_2_ref_1_3,1.3,"1,2",-1,0.2541957200605318
sample_2_ref_1_3,1.3,"1,3",-1,0.36957104621182657
sample_2_ref_1_3,1.3,"1,4",-1,0.3737939026822216
sample_2_ref_1_3,1.3,"1,5",-1,0.4398355496602661
sample_2_ref_1_3,1.3,"1,6",-1,0.3837302749119417
sample_2_ref_1_3,1.3,"2,3",-1,0.307136181442164
sample_2_ref_1_3,1.3,"2,4",-1,0.6750865256070553
sample_2_ref_1_3,1.3,"2,5",-1,0.571931153634983
sample_2_ref_1_3,1.3,"2,6",-1,0.7159370079828639
sample_2_ref_1_3,1.3,"3,4",-1,0.7816655973836069
sample_2_ref_1_3,1.3,"3,5",-1,0.8688671340628786
sample_2_ref_1_3,1.3,"3,6",-1,0.860271176534556
sample_2_ref_1_3,1.3,"4,5",-1,0.7779606489445885
sample_2_ref_1_3,1.3,"4,6",-1,0.8605817872633466
sample_2_ref_1_3,1.3,"5,6",-1,0.7304419444215899
sample_2_ref_1_3,1.4,"1,2",-1,0.25769400426203976
sample_2_ref_1_3,1.4,"1,3",-1,0.20596050523508583
sample_2_ref_1_3,1.4,"1,4",-1,0.28221868743141315
sample_2_ref_1_3,1.4,"1,5",-1,0.30145845395641047
sample_2_ref_1_3,1.4,"1,6",-1,0.2988596064660167
sample_2_ref_1_3,1.4,"2,3",-1,0.3478196604559908
sample_2_ref_1_3,1.4,"2,4",-1,0.5051240096567604
sample_2_ref_1_3,1.4,"2,5",-1,0.48415736166603357
sample_2_ref_1_3,1.4,"2,6",-1,0.5986261345701938
sample_2_ref_1_3,1.4,"3,4",-1,0.4451152148210086
sample_2_ref_1_3,1.4,"3,5",-1,0.5401252332223603
sample_2_ref_1_3,1.4,"3,6",-1,0.5483045213053283
sample_2_ref_1_3,1.4,"4,5",-1,0.6937310824089872
sample_2_ref_1_3,1.4,"4,6",-1,0.7753878740797229
sample_2_ref_1_3,1.4,"5,6",-1,0.6335944566027251
sample_2_ref_1_3,1.5,"1,2",-1,0.4949506816743989
sample_2_ref_1_3,1.5,"1,3",-1,0.5337633002129069
sample_2_ref_1_3,1.5,"1,4",-1,0.3575724200094663
sample_2_ref_1_3,1.5,"1,5",-1,0.39235830266419913
sample_2_ref_1_3,1.5,"1,6",-1,0.29938156405578625
sample_2_ref_1_3,1.5,"2,3",-1,0.9073631754316114
sample_2_ref_1_3,1.5,"2,4",-1,0.9229412059702304
sample_2_ref_1_3,1.5,"2,5",-1,0.916090823639846
sample_2_ref_1_3,1.5,"2,6",-1,0.8666837724100609
sample_2_ref_1_3,1.5,"3,4",-1,0.7896248999800921
sample_2_ref_1_3,1.5,"3,5",-1,0.8146221407048444
sample_2_ref_1_3,1.5,"3,6",-1,0.8692536092481208
sample_2_ref_1_3,1.5,"4,5",-1,0.8668119211034709
sample_2_ref_1_3,1.5,"4,6",-1,0.6540831602950149
sample_2_ref_1_3,1.5,"5,6",-1,0.7702786337509564
sample_2_ref_1_3,1.6,"1,2",-1,0.2884903442746806
sample_2_ref_1_3,1.6,"1,3",-1,0.32451286805103374
sample_2_ref_1_3,1.6,"1,4",-1,0.2889261789245519
sample_2_ref_1_3,1.6,"1,5",-1,0.3318148321119155
sample_2_ref_1_3,1.6,"1,6",-1,0.26552802179154533
sample_2_ref_1_3,1.6,"2,3",-1,0.3336704787897846
sample_2_ref_1_3,1.6,"2,4",-1,0.6051927429102735
sample_2_ref_1_3,1.6,"2,5",-1,0.6654796638844552
sample_2_ref_1_3,1.6,"2,6",-1,0.6919682679553241
sample_2_ref_1_3,1.6,"3,4",-1,0.7267084457617294
sample_2_ref_1_3,1.6,"3,5",-1,0.830880112677929
sample_2_ref_1_3,1.6,"3,6",-1,0.8586508899622962
sample_2_ref_1_3,1.6,"4,5",-1,0.8273113457437333
sample_2_ref_1_3,1.6,"4,6",-1,0.6690785582081425
sample_2_ref_1_3,1.6,"5,6",-1,0.8304093828236039
sample_2_ref_1_3,1.7,"1,2",-1,0.3490743244106391
sample_2_ref_1_3,1.7,"1,3",-1,0.4082672116110995
sample_2_ref_1_3,1.7,"1,4",-1,0.4083923342434346
sample_2_ref_1_3,1.7,"1,5",-1,0.418721684933156
sample_2_ref_1_3,1.7,"1,6",-1,0.3732739777759246
sample_2_ref_1_3,1.7,"2,3",-1,0.38703715811417083
sample_2_ref_1_3,1.7,"2,4",-1,0.6684362103703038
sample_2_ref_1_3,1.7,"2,5",-1,0.7685542914904582
sample_2_ref_1_3,1.7,"2,6",-1,0.7216729739760129
sample_2_ref_1_3,1.7,"3,4",-1,0.8294940733461637
sample_2_ref_1_3,1.7,"3,5",-1,0.9005827842334019
sample_2_ref_1_3,1.7,"3,6",-1,0.8825904836496777
sample_2_ref_1_3,1.7,"4,5",-1,0.8452317733846922
sample_2_ref_1_3,1.7,"4,6",-1,0.8244087112772854
sample_2_ref_1_3,1.7,"5,6",-1,0.8968912551276792
sample_2_ref_1_3,1.8,"1,2",-1,0.4759667955909772
sample_2_ref_1_3,1.8,"1,3",-1,0.46326226144718907
sample_2_ref_1_3,1.8,"1,4",-1,0.3200751401644582
sample_2_ref_1_3,1.8,"1,5",-1,0.3403359470985912
sample_2_ref_1_3,1.8,"1,6",-1,0.2610905908528092
sample_2_ref_1_3,1.8,"2,3",-1,0.8416234349753386
sample_2_ref_1_3,1.8,"2,4",-1,0.9518189068971984
sample_2_ref_1_3,1.8,"2,5",-1,0.8248134857355056
sample_2_ref_1_3,1.8,"2,6",-1,0.9044832570396392
sample_2_ref_1_3,1.8,"3,4",-1,0.8761550957682835
sample_2_ref_1_3,1.8,"3,5",-1,0.801435358173704
sample_2_ref_1_3,1.8,"3,6",-1,0.8854275419986662
sample_2_ref_1_3,1.8,"4,5",-1,0.8091336422016255
sample_2_ref_1_3,1.8,"4,6",-1,0.6754766511122426
sample_2_ref_1_3,1.8,"5,6",-1,0.7910780531219631
sample_2_ref_1_3,1.9,"1,2",-1,0.4171704181074021
sample_2_ref_1_3,1.9,"1,3",-1,0.3168814432520378
sample_2_ref_1_3,1.9,"1,4",-1,0.34435070024124886
sample_2_ref_1_3,1.9,"1,5",-1,0.3966476231868978
sample_2_ref_1_3,1.9,"1,6",-1,0.31508001560066484
sample_2_ref_1_3,1.9,"2,3",-1,0.42410846917932865
sample_2_ref_1_3,1.9,"2,4",-1,0.8810453660773976
sample_2_ref_1_3,1.9,"2,5",-1,0.9011684123097052
sample_2_ref_1_3,1.9,"2,6",-1,0.7392153438050834
sample_2_ref_1_3,1.9,"3,4",-1,0.7246954115283387
sample_2_ref_1_3,1.9,"3,5",-1,0.7120161848450136
sample_2_ref_1_3,1.9,"3,6",-1,0.5755265130283069
sample_2_ref_1_3,1.9,"4,5",-1,0.8312811958992564
sample_2_ref_1_3,1.9,"4,6",-1,0.8443076500490598
sample_2_ref_1_3,1.9,"5,6",-1,0.7035156668099549
sample_2_ref_1_3,2.0,"1,2",-1,0.5344304656049308
sample_2_ref_1_3,2.0,"1,3",-1,0.4664773349456908
sample_2_ref_1_3,2.0,"1,4",-1,0.36499591911700857
sample_2_ref_1_3,2.0,"1,5",-1,0.3977470448327039
sample_2_ref_1_3,2.0,"1,6",-1,0.28416250426716744
sample_2_ref_1_3,2.0,"2,3",-1,0.7947694124212579
sample_2_ref_1_3,2.0,"2,4",-1,0.7422567857062611
sample_2_ref_1_3,2.0,"2,5",-1,0.832579112916936
sample_2_ref_1_3,2.0,"2,6",-1,0.8827114326983205
sample_2_ref_1_3,2.0,"3,4",-1,0.7609457083370147
sample_2_ref_1_3,2.0,"3,5",-1,0.8123063621788404
sample_2_ref_1_3,2.0,"3,6",-1,0.8800386779669459
sample_2_ref_1_3,2.0,"4,5",-1,0.8375735287667555
sample_2_ref_1_3,2.0,"4,6",-1,0.6707075729127431
sample_2_ref_1_3,2.0,"5,6",-1,0.7221735981836512
sample_2_ref_1_3,2.1,"1,2",-1,0.3983055807228189
sample_2_ref_1_3,2.1,"1,3",-1,0.2708797673843621
sample_2_ref_1_3,2.1,"1,4",-1,0.4748223668542632
sample_2_ref_1_3,2.1,"1,5",-1,0.42852497096702746
sample_2_ref_1_3,2.1,"1,6",-1,0.4442408807816952
sample_2_ref_1_3,2.1,"2,3",-1,0.40894686310546513
sample_2_ref_1_3,2.1,"2,4",-1,0.7296589703982633
sample_2_ref_1_3,2.1,"2,5",-1,0.8346631148008371
sample_2_ref_1_3,2.1,"2,6",-1,0.5959931241548
sample_2_ref_1_3,2.1,"3,4",-1,0.7110964388025406
sample_2_ref_1_3,2.1,"3,5",-1,0.6604448037686294
sample_2_ref_1_3,2.1,"3,6",-1,0.4809852772366704
sample_2_ref_1_3,2.1,"4,5",-1,0.720443059367794
sample_2_ref_1_3,2.1,"4,6",-1,0.9129898353047811
sample_2_ref_1_3,2.1,"5,6",-1,0.8987455116751012
sample_2_ref_1_3,2.2,"1,2",-1,0.36772858162202093
sample_2_ref_1_3,2.2,"1,3",-1,0.5593339325905188
sample_2_ref_1_3,2.2,"1,4",-1,0.46460506070459007
sample_2_ref_1_3,2.2,"1,5",-1,0.4537930904490964
sample_2_ref_1_3,2.2,"1,6",-1,0.4245446125848601
sample_2_ref_1_3,2.2,"2,3",-1,0.8393105645229801
sample_2_ref_1_3,2.2,"2,4",-1,0.544490559313082
sample_2_ref_1_3,2.2,"2,5",-1,0.751759312205344
sample_2_ref_1_3,2.2,"2,6",-1,0.6879666661914444
sample_2_ref_1_3,2.2,"3,4",-1,0.7914521995085935
sample_2_ref_1_3,2.2,"3,5",-1,0.6456705766513202
sample_2_ref_1_3,2.2,"3,6",-1,0.7879827885746703
sample_2_ref_1_3,2.2,"4,5",-1,0.804562090042562
sample_2_ref_1_3,2.2,"4,6",-1,0.8594677301474334
sample_2_ref_1_3,2.2,"5,6",-1,0.8796458013181967
sample_2_ref_1_3,2.3,"1,2",-1,0.3258299531004506
sample_2_ref_1_3,2.3,"1,3",-1,0.2639889363605336
sample_2_ref_1_3,2.3,"1,4",-1,0.40642193218867356
sample_2_ref_1_3,2.3,"1,5",-1,0.343095538413829
sample_2_ref_1_3,2.3,"1,6",-1,0.35954394523485894
sample_2_ref_1_3,2.3,"2,3",-1,0.3732326457177598
sample_2_ref_1_3,2.3,"2,4",-1,0.5879480221289999
sample_2_ref_1_3,2.3,"2,5",-1,0.5819788524219158
sample_2_ref_1_3,2.3,"2,6",-1,0.6604941356789495
sample_2_ref_1_3,2.3,"3,4",-1,0.47261097914728156
sample_2_ref_1_3,2.3,"3,5",-1,0.5442673191003368
sample_2_ref_1_3,2.3,"3,6",-1,0.6071686571610859
sample_2_ref_1_3,2.3,"4,5",-1,0.6666168676459224
sample_2_ref_1_3,2.3,"4,6",-1,0.8644644515177401
sample_2_ref_1_3,2.3,"5,6",-1,0.7663248707989627
sample_2_ref_1_3,2.4,"1,2",-1,0.25931631863406795
sample_2_ref_1_3,2.4,"1,3",-1,0.5193426918470451
sample_2_ref_1_3,2.4,"1,4",-1,0.291163897111367
sample_2_ref_1_3,2.4,"1,5",-1,0.33067689505944176
sample_2_ref_1_3,2.4,"1,6",-1,0.2644452008829294
sample_2_ref_1_3,2.4,"2,3",-1,0.8680928783016657
sample_2_ref_1_3,2.4,"2,4",-1,0.7371038724363482
sample_2_ref_1_3,2.4,"2,5",-1,0.7103243683913985
sample_2_ref_1_3,2.4,"2,6",-1,0.7367819860072586
sample_2_ref_1_3,2.4,"3,4",-1,0.7241604368151904
sample_2_ref_1_3,2.4,"3,5",-1,0.7654051085051573
sample_2_ref_1_3,2.4,"3,6",-1,0.7635333633451453
sample_2_ref_1_3,2.4,"4,5",-1,0.7579344031575265
sample_2_ref_1_3,2.4,"4,6",-1,0.8758946696528055
sample_2_ref_1_3,2.4,"5,6",-1,0.7919726673723047
sample_2_ref_1_3,2.5,"1,2",-1,0.4599400212283104
sample_2_ref_1_3,2.5,"1,3",-1,0.28175762488823913
sample_2_ref_1_3,2.5,"1,4",-1,0.3206542395293449
sample_2_ref_1_3,2.5,"1,5",-1,0.3320700632049503
sample_2_ref_1_3,2.5,"1,6",-1,0.3819926955768938
sample_2_ref_1_3,2.5,"2,3",-1,0.7732279399467861
sample_2_ref_1_3,2.5,"2,4",-1,0.8355101666778699
sample_2_ref_1_3,2.5,"2,5",-1,0.8050507712528988
sample_2_ref_1_3,2.5,"2,6",-1,0.7093351712815751
sample_2_ref_1_3,2.5,"3,4",-1,0.6264720503870483
sample_2_ref_1_3,2.5,"3,5",-1,0.6510088361349696
sample_2_ref_1_3,2.5,"3,6",-1,0.698011248075554
sample_2_ref_1_3,2.5,"4,5",-1,0.7595968225307729
sample_2_ref_1_3,2.5,"4,6",-1,0.8189889621453551
sample_2_ref_1_3,2.5,"5,6",-1,0.8404945235482485
sample_2_ref_1_3,2.6,"1,2",-1,0.4697874570911826
sample_2_ref_1_3,2.6,"1,3",-1,0.4642782478345128
sample_2_ref_1_3,2.6,"1,4",-1,0.36903316794688795
sample_2_ref_1_3,2.6,"1,5",-1,0.364022179787646
sample_2_ref_1_3,2.6,"1,6",-1,0.41174027298611365
sample_2_ref_1_3,2.6,"2,3",-1,0.8687113360729881
sample_2_ref_1_3,2.6,"2,4",-1,0.8118527620589296
sample_2_ref_1_3,2.6,"2,5",-1,0.7454755051946811
sample_2_ref_1_3,2.6,"2,6",-1,0.9595665039421507
sample_2_ref_1_3,2.6,"3,4",-1,0.7749424145639916
sample_2_ref_1_3,2.6,"3,5",-1,0.7928419950958959
sample_2_ref_1_3,2.6,"3,6",-1,0.7281594515284842
sample_2_ref_1_3,2.6,"4,5",-1,0.8899908666741861
sample_2_ref_1_3,2.6,"4,6",-1,0.8965525287390704
sample_2_ref_1_3,2.6,"5,6",-1,0.8379088874671635
sample_2_ref_1_3,2.7,"1,2",-1,0.4590942755790352
sample_2_ref_1_3,2.7,"1,3",-1,0.3863931232692981
sample_2_ref_1_3,2.7,"1,4",-1,0.3784409516140077
sample_2_ref_1_3,2.7,"1,5",-1,0.3932104313020751
sample_2_ref_1_3,2.7,"1,6",-1,0.4095763812028296
sample_2_ref_1_3,2.7,"2,3",-1,0.5134471768879798
sample_2_ref_1_3,2.7,"2,4",-1,0.7908638176719949
sample_2_ref_1_3,2.7,"2,5",-1,0.7721729224417019
sample_2_ref_1_3,2.7,"2,6",-1,0.9298372755889585
sample_2_ref_1_3,2.7,"3,4",-1,0.6373871998972669
sample_2_ref_1_3,2.7,"3,5",-1,0.6684553148022817
sample_2_ref_1_3,2.7,"3,6",-1,0.674808482067697
sample_2_ref_1_3,2.7,"4,5",-1,0.7113320694318203
sample_2_ref_1_3,2.7,"4,6",-1,0.6936589584019595
sample_2_ref_1_3,2.7,"5,6",-1,0.8098656558955506
sample_2_ref_1_3,2.8,"1,2",-1,0.3909292637442771
sample_2_ref_1_3,2.8,"1,3",-1,0.4965709581786548
sample_2_ref_1_3,2.8,"1,4",-1,0.40137717268656364
sample_2_ref_1_3,2.8,"1,5",-1,0.3898164664256631
sample_2_ref_1_3,2.8,"1,6",-1,0.3599062162034186
sample_2_ref_1_3,2.8,"2,3",-1,0.9221573035254136
sample_2_ref_1_3,2.8,"2,4",-1,0.7398785564183372
sample_2_ref_1_3,2.8,"2,5",-1,0.6587248994670178
sample_2_ref_1_3,2.8,"2,6",-1,0.8439847625171686
sample_2_ref_1_3,2.8,"3,4",-1,0.8885658474110733
sample_2_ref_1_3,2.8,"3,5",-1,0.8363426949710816
sample_2_ref_1_3,2.8,"3,6",-1,0.7300745465490872
sample_2_ref_1_3,2.8,"4,5",-1,0.6353900229637319
sample_2_ref_1_3,2.8,"4,6",-1,0.7679130115810243
sample_2_ref_1_3,2.8,"5,6",-1,0.6482537481861599
sample_2_ref_1_3,2.9,"1,2",-1,0.3993453412925791
sample_2_ref_1_3,2.9,"1,3",-1,0.4472826886752349
sample_2_ref_1_3,2.9,"1,4",-1,0.5063764641921077
sample_2_ref_1_3,2.9,"1,5",-1,0.43788185719490463
sample_2_ref_1_3,2.9,"1,6",-1,0.4562632927176311
sample_2_ref_1_3,2.9,"2,3",-1,0.5411374708258507
sample_2_ref_1_3,2.9,"2,4",-1,0.6787282981719809
sample_2_ref_1_3,2.9,"2,5",-1,0.764439039485541
sample_2_ref_1_3,2.9,"2,6",-1,0.764657216981537
sample_2_ref_1_3,2.9,"3,4",-1,0.7520748303839367
sample_2_ref_1_3,2.9,"3,5",-1,0.9226178064166846
sample_2_ref_1_3,2.9,"3,6",-1,0.9365661609184163
sample_2_ref_1_3,2.9,"4,5",-1,0.914110138241485
sample_2_ref_1_3,2.9,"4,6",-1,0.9285894617964715
sample_2_ref_1_3,2.9,"5,6",-1,0.8688237172482977
sample_2_ref_1_3,3.0,"1,2",-1,0.46475974452769614
sample_2_ref_1_3,3.0,"1,3",-1,0.43554753764926996
sample_2_ref_1_3,3.0,"1,4",-1,0.5103400966293358
sample_2_ref_1_3,3.0,"1,5",-1,0.4600016063725052
sample_2_ref_1_3,3.0,"1,6",-1,0.4864827596302384
sample_2_ref_1_3,3.0,"2,3",-1,0.4224696516966712
sample_2_ref_1_3,3.0,"2,4",-1,0.8325462281261002
sample_2_ref_1_3,3.0,"2,5",-1,0.7940871427102489
sample_2_ref_1_3,3.0,"2,6",-1,0.7148397887439928
sample_2_ref_1_3,3.0,"3,4",-1,0.7432794892595589
sample_2_ref_1_3,3.0,"3,5",-1,0.7101257140109359
sample_2_ref_1_3,3.0,"3,6",-1,0.7032247751967423
sample_2_ref_1_3,3.0,"4,5",-1,0.7887956945460621
sample_2_ref_1_3,3.0,"4,6",-1,0.894013999485464
sample_2_ref_1_3,3.0,"5,6",-1,0.7679549014986901
sample_2_ref_1_3,3.1,"1,2",-1,0.3776456470427056
sample_2_ref_1_3,3.1,"1,3",-1,0.575116225756293
sample_2_ref_1_3,3.1,"1,4",-1,0.5155131779937441
sample_2_ref_1_3,3.1,"1,5",-1,0.4724986622218134
sample_2_ref_1_3,3.1,"1,6",-1,0.45308969880640304
sample_2_ref_1_3,3.1,"2,3",-1,0.801642321514822
sample_2_ref_1_3,3.1,"2,4",-1,0.7976594686256141
sample_2_ref_1_3,3.1,"2,5",-1,0.645564294310036
sample_2_ref_1_3,3.1,"2,6",-1,0.7540893027704169
sample_2_ref_1_3,3.1,"3,4",-1,0.5909512120447532
sample_2_ref_1_3,3.1,"3,5",-1,0.7363092941020398
sample_2_ref_1_3,3.1,"3,6",-1,0.6789165855221843
sample_2_ref_1_3,3.1,"4,5",-1,0.7184275675408506
sample_2_ref_1_3,3.1,"4,6",-1,0.864016421285063
sample_2_ref_1_3,3.1,"5,6",-1,0.745320362002587
sample_2_ref_1_3,3.2,"1,2",-1,0.38338835963108336
sample_2_ref_1_3,3.2,"1,3",-1,0.5653472288510573
sample_2_ref_1_3,3.2,"1,4",-1,0.46237209223095666
sample_2_ref_1_3,3.2,"1,5",-1,0.4634677986696436
sample_2_ref_1_3,3.2,"1,6",-1,0.47371625485096464
sample_2_ref_1_3,3.2,"2,3",-1,0.8020733969703572
sample_2_ref_1_3,3.2,"2,4",-1,0.7561162299353809
sample_2_ref_1_3,3.2,"2,5",-1,0.7125551785375726
sample_2_ref_1_3,3.2,"2,6",-1,0.8873256138495401
sample_2_ref_1_3,3.2,"3,4",-1,0.739453225849551
sample_2_ref_1_3,3.2,"3,5",-1,0.876279674411471
sample_2_ref_1_3,3.2,"3,6",-1,0.767393322364123
sample_2_ref_1_3,3.2,"4,5",-1,0.7476284491887992
sample_2_ref_1_3,3.2,"4,6",-1,0.9040891693539261
sample_2_ref_1_3,3.2,"5,6",-1,0.8596404200166501
sample_2_ref_1_3,3.3,"1,2",-1,0.46485598338969175
sample_2_ref_1_3,3.3,"1,3",-1,0.3814225024836308
sample_2_ref_1_3,3.3,"1,4",-1,0.3899037371277824
sample_2_ref_1_3,3.3,"1,5",-1,0.4310531156653766
sample_2_ref_1_3,3.3,"1,6",-1,0.44873172604188905
sample_2_ref_1_3,3.3,"2,3",-1,0.6057317212130864
sample_2_ref_1_3,3.3,"2,4",-1,0.8286297998866646
sample_2_ref_1_3,3.3,"2,5",-1,0.6692343041817664
sample_2_ref_1_3,3.3,"2,6",-1,0.7775135876240461
sample_2_ref_1_3,3.3,"3,4",-1,0.7159607566121086
sample_2_ref_1_3,3.3,"3,5",-1,0.7283047880756609
sample_2_ref_1_3,3.3,"3,6",-1,0.6815267392663236
sample_2_ref_1_3,3.3,"4,5",-1,0.8210093887222848
sample_2_ref_1_3,3.3,"4,6",-1,0.8109744927751328
sample_2_ref_1_3,3.3,"5,6",-1,0.7442331467924711
sample_2_ref_1_3,3.4,"1,2",-1,0.5762389613162224
sample_2_ref_1_3,3.4,"1,3",-1,0.5283921037383377
sample_2_ref_1_3,3.4,"1,4",-1,0.47887264448307343
sample_2_ref_1_3,3.4,"1,5",-1,0.47417645783651874
sample_2_ref_1_3,3.4,"1,6",-1,0.48111423288189664
sample_2_ref_1_3,3.4,"2,3",-1,0.6307089929211648
sample_2_ref_1_3,3.4,"2,4",-1,0.6097930397114921
sample_2_ref_1_3,3.4,"2,5",-1,0.7159124191856683
sample_2_ref_1_3,3.4,"2,6",-1,0.6924922503810627
sample_2_ref_1_3,3.4,"3,4",-1,0.8540630233058963
sample_2_ref_1_3,3.4,"3,5",-1,0.8389466820980883
sample_2_ref_1_3,3.4,"3,6",-1,0.9149128884226594
sample_2_ref_1_3,3.4,"4,5",-1,0.6941309871570616
sample_2_ref_1_3,3.4,"4,6",-1,0.7883913156726556
sample_2_ref_1_3,3.4,"5,6",-1,0.7349111700927168
sample_2_ref_1_3,3.5,"1,2",-1,0.41403063893827297
sample_2_ref_1_3,3.5,"1,3",-1,0.29512038653708395
sample_2_ref_1_3,3.5,"1,4",-1,0.46342410968847464
sample_2_ref_1_3,3.5,"1,5",-1,0.45307144994404236
sample_2_ref_1_3,3.5,"1,6",-1,0.47698816086404877
sample_2_ref_1_3,3.5,"2,3",-1,0.3956475233691401
sample_2_ref_1_3,3.5,"2,4",-1,0.7153820835746908
sample_2_ref_1_3,3.5,"2,5",-1,0.6382138860891775
sample_2_ref_1_3,3.5,"2,6",-1,0.7473778853833032
sample_2_ref_1_3,3.5,"3,4",-1,0.470535847846054
sample_2_ref_1_3,3.5,"3,5",-1,0.46044540995877714
sample_2_ref_1_3,3.5,"3,6",-1,0.5689265777752047
sample_2_ref_1_3,3.5,"4,5",-1,0.7591978345042578
sample_2_ref_1_3,3.5,"4,6",-1,0.9035100757440035
sample_2_ref_1_3,3.5,"5,6",-1,0.7475637037030542
sample_2_ref_1_3,3.6,"1,2",-1,0.5278507451176274
sample_2_ref_1_3,3.6,"1,3",-1,0.49310177119820664
sample_2_ref_1_3,3.6,"1,4",-1,0.43080093957883053
sample_2_ref_1_3,3.6,"1,5",-1,0.4391463175512655
sample_2_ref_1_3,3.6,"1,6",-1,0.37938319096397133
sample_2_ref_1_3,3.6,"2,3",-1,0.7371168929912811
sample_2_ref_1_3,3.6,"2,4",-1,0.8033302982854051
sample_2_ref_1_3,3.6,"2,5",-1,0.6622141962539431
sample_2_ref_1_3,3.6,"2,6",-1,0.8207016740631162
sample_2_ref_1_3,3.6,"3,4",-1,0.8116545549533583
sample_2_ref_1_3,3.6,"3,5",-1,0.7122059082974981
sample_2_ref_1_3,3.6,"3,6",-1,0.7924056292431034
sample_2_ref_1_3,3.6,"4,5",-1,0.8642949712099023
sample_2_ref_1_3,3.6,"4,6",-1,0.8480371682375493
sample_2_ref_1_3,3.6,"5,6",-1,0.8353231428975397
sample_2_ref_1_3,3.7,"1,2",-1,0.5506421955562071
sample_2_ref_1_3,3.7,"1,3",-1,0.5496246035765678
sample_2_ref_1_3,3.7,"1,4",-1,0.4672697076754274
sample_2_ref_1_3,3.7,"1,5",-1,0.49611989984778887
sample_2_ref_1_3,3.7,"1,6",-1,0.45095735029501083
sample_2_ref_1_3,3.7,"2,3",-1,0.6615209236090623
sample_2_ref_1_3,3.7,"2,4",-1,0.8196636571010468
sample_2_ref_1_3,3.7,"2,5",-1,0.8012378693314213
sample_2_ref_1_3,3.7,"2,6",-1,0.9290218156030241
sample_2_ref_1_3,3.7,"3,4",-1,0.7532487835630625
sample_2_ref_1_3,3.7,"3,5",-1,0.7411205548932924
sample_2_ref_1_3,3.7,"3,6",-1,0.7122967056120657
sample_2_ref_1_3,3.7,"4,5",-1,0.7023371013412145
sample_2_ref_1_3,3.7,"4,6",-1,0.8433715769929462
sample_2_ref_1_3,3.7,"5,6",-1,0.7863416279077519
sample_2_ref_1_3,3.8,"1,2",-1,0.4328073598534121
sample_2_ref_1_3,3.8,"1,3",-1,0.375078053374562
sample_2_ref_1_3,3.8,"1,4",-1,0.3877072562641189
sample_2_ref_1_3,3.8,"1,5",-1,0.36483537097147967
sample_2_ref_1_3,3.8,"1,6",-1,0.34112964568162735
sample_2_ref_1_3,3.8,"2,3",-1,0.5926043256701135
sample_2_ref_1_3,3.8,"2,4",-1,0.6875839043587642
sample_2_ref_1_3,3.8,"2,5",-1,0.7479109830952376
sample_2_ref_1_3,3.8,"2,6",-1,0.8400832620200328
sample_2_ref_1_3,3.8,"3,4",-1,0.6729394296536841
sample_2_ref_1_3,3.8,"3,5",-1,0.5873024754694585
sample_2_ref_1_3,3.8,"3,6",-1,0.545016410900579
sample_2_ref_1_3,3.8,"4,5",-1,0.865270804928561
sample_2_ref_1_3,3.8,"4,6",-1,0.8268398941743759
sample_2_ref_1_3,3.8,"5,6",-1,0.7532510959434305
sample_2_ref_1_3,3.9,"1,2",-1,0.5119687932169507
sample_2_ref_1_3,3.9,"1,3",-1,0.45969955073834123
sample_2_ref_1_3,3.9,"1,4",-1,0.4466888949069025
sample_2_ref_1_3,3.9,"1,5",-1,0.4207962747050641
sample_2_ref_1_3,3.9,"1,6",-1,0.47041106850925113
sample_2_ref_1_3,3.9,"2,3",-1,0.9010085362866478
sample_2_ref_1_3,3.9,"2,4",-1,0.8570736233188496
sample_2_ref_1_3,3.9,"2,5",-1,0.798222685277629
sample_2_ref_1_3,3.9,"2,6",-1,0.831192134675745
sample_2_ref_1_3,3.9,"3,4",-1,0.8402545202683795
sample_2_ref_1_3,3.9,"3,5",-1,0.5582686175799215
sample_2_ref_1_3,3.9,"3,6",-1,0.9492661485664646
sample_2_ref_1_3,3.9,"4,5",-1,0.808696024518029
sample_2_ref_1_3,3.9,"4,6",-1,0.8774006914442979
sample_2_ref_1_3,3.9,"5,6",-1,0.8419790672041727
sample_2_ref_1_3,4.0,"1,2",-1,0.44124866089038256
sample_2_ref_1_3,4.0,"1,3",-1,0.5218677068373022
sample_2_ref_1_3,4.0,"1,4",-1,0.47278356715987524
sample_2_ref_1_3,4.0,"1,5",-1,0.44368550426160175
sample_2_ref_1_3,4.0,"1,6",-1,0.47221346573544065
sample_2_ref_1_3,4.0,"2,3",-1,0.8243348953382951
sample_2_ref_1_3,4.0,"2,4",-1,0.9369117686125218
sample_2_ref_1_3,4.0,"2,5",-1,0.8136298838650489
sample_2_ref_1_3,4.0,"2,6",-1,0.7870689796112809
sample_2_ref_1_3,4.0,"3,4",-1,0.724824260500819
sample_2_ref_1_3,4.0,"3,5",-1,0.7147518184169384
sample_2_ref_1_3,4.0,"3,6",-1,0.7227570497072846
sample_2_ref_1_3,4.0,"4,5",-1,0.9144007064205789
sample_2_ref_1_3,4.0,"4,6",-1,0.8613173392960927
sample_2_ref_1_3,4.0,"5,6",-1,0.9648243110911447
sample_2_ref_1_3,4.1,"1,2",-1,0.39837613708761443
sample_2_ref_1_3,4.1,"1,3",-1,0.356335536399975
sample_2_ref_1_3,4.1,"1,4",-1,0.44660986114946977
sample_2_ref_1_3,4.1,"1,5",-1,0.4923935231839447
sample_2_ref_1_3,4.1,"1,6",-1,0.48889969107400993
sample_2_ref_1_3,4.1,"2,3",-1,0.5331751004046263
sample_2_ref_1_3,4.1,"2,4",-1,0.6489610177187666
sample_2_ref_1_3,4.1,"2,5",-1,0.6997290427162918
sample_2_ref_1_3,4.1,"2,6",-1,0.7010518610264944
sample_2_ref_1_3,4.1,"3,4",-1,0.5779331036183959
sample_2_ref_1_3,4.1,"3,5",-1,0.6945174536509453
sample_2_ref_1_3,4.1,"3,6",-1,0.6325992336352775
sample_2_ref_1_3,4.1,"4,5",-1,0.8413452769718025
sample_2_ref_1_3,4.1,"4,6",-1,0.7873705272362415
sample_2_ref_1_3,4.1,"5,6",-1,0.8376639705003475
sample_2_ref_1_3,4.2,"1,2",-1,0.5152268657593047
sample_2_ref_1_3,4.2,"1,3",-1,0.5118349628711937
sample_2_ref_1_3,4.2,"1,4",-1,0.4243720383543151
sample_2_ref_1_3,4.2,"1,5",-1,0.49093498398273444
sample_2_ref_1_3,4.2,"1,6",-1,0.474438844910178
sample_2_ref_1_3,4.2,"2,3",-1,0.6102572061565796
sample_2_ref_1_3,4.2,"2,4",-1,0.9798336152876301
sample_2_ref_1_3,4.2,"2,5",-1,0.8308730249152976
sample_2_ref_1_3,4.2,"2,6",-1,0.794505086097675
sample_2_ref_1_3,4.2,"3,4",-1,0.8098746377560416
sample_2_ref_1_3,4.2,"3,5",-1,0.7752078657625298
sample_2_ref_1_3,4.2,"3,6",-1,0.7429083140490164
sample_2_ref_1_3,4.2,"4,5",-1,0.7259867796631305
sample_2_ref_1_3,4.2,"4,6",-1,0.8459917558868941
sample_2_ref_1_3,4.2,"5,6",-1,0.8562142104180008
sample_2_ref_1_3,4.3,"1,2",-1,0.5372951544265061
sample_2_ref_1_3,4.3,"1,3",-1,0.45092687456559566
sample_2_ref_1_3,4.3,"1,4",-1,0.4849295196063344
sample_2_ref_1_3,4.3,"1,5",-1,0.464359475871023
sample_2_ref_1_3,4.3,"1,6",-1,0.43617111294501054
sample_2_ref_1_3,4.3,"2,3",-1,0.9498222882373573
sample_2_ref_1_3,4.3,"2,4",-1,0.7667426155205916
sample_2_ref_1_3,4.3,"2,5",-1,0.6561439197946203
sample_2_ref_1_3,4.3,"2,6",-1,0.8683150716725867
sample_2_ref_1_3,4.3,"3,4",-1,0.6617170433351841
sample_2_ref_1_3,4.3,"3,5",-1,0.7823691829720477
sample_2_ref_1_3,4.3,"3,6",-1,0.7498192514780263
sample_2_ref_1_3,4.3,"4,5",-1,0.7612338947030663
sample_2_ref_1_3,4.3,"4,6",-1,0.8423184333617562
sample_2_ref_1_3,4.3,"5,6",-1,0.8388156238297061
sample_2_ref_1_3,4.4,"1,2",-1,0.4179742743030228
sample_2_ref_1_3,4.4,"1,3",-1,0.431760060708655
sample_2_ref_1_3,4.4,"1,4",-1,0.44253018848984277
sample_2_ref_1_3,4.4,"1,5",-1,0.4746632847783515
sample_2_ref_1_3,4.4,"1,6",-1,0.4297150145967848
sample_2_ref_1_3,4.4,"2,3",-1,0.6150934157750081
sample_2_ref_1_3,4.4,"2,4",-1,0.6350536201105333
sample_2_ref_1_3,4.4,"2,5",-1,0.6454092995681432
sample_2_ref_1_3,4.4,"2,6",-1,0.7387104042724651
sample_2_ref_1_3,4.4,"3,4",-1,0.8852930889009818
sample_2_ref_1_3,4.4,"3,5",-1,0.8792293060862217
sample_2_ref_1_3,4.4,"3,6",-1,0.894826474358895
sample_2_ref_1_3,4.4,"4,5",-1,0.6896345989445771
sample_2_ref_1_3,4.4,"4,6",-1,0.83936629992239
sample_2_ref_1_3,4.4,"5,6",-1,0.7252536864139459
sample_2_ref_1_3,4.5,"1,2",-1,0.5357685253296529
sample_2_ref_1_3,4.5,"1,3",-1,0.40175489098164424
sample_2_ref_1_3,4.5,"1,4",-1,0.4908704692532039
sample_2_ref_1_3,4.5,"1,5",-1,0.47724546591448097
sample_2_ref_1_3,4.5,"1,6",-1,0.4653132924367908
sample_2_ref_1_3,4.5,"2,3",-1,0.871492376653154
sample_2_ref_1_3,4.5,"2,4",-1,0.8305374614083709
sample_2_ref_1_3,4.5,"2,5",-1,0.7586565871714057
sample_2_ref_1_3,4.5,"2,6",-1,0.8917806402897167
sample_2_ref_1_3,4.5,"3,4",-1,0.7025621276565863
sample_2_ref_1_3,4.5,"3,5",-1,0.831772547249949
sample_2_ref_1_3,4.5,"3,6",-1,0.7375831174219393
sample_2_ref_1_3,4.5,"4,5",-1,0.7970334903243771
sample_2_ref_1_3,4.5,"4,6",-1,0.9186115040885374
sample_2_ref_1_3,4.5,"5,6",-1,0.7126759348604004
sample_2_ref_1_3,4.6,"1,2",-1,0.48868060971263977
sample_2_ref_1_3,4.6,"1,3",-1,0.3462937921089738
sample_2_ref_1_3,4.6,"1,4",-1,0.48214904909686845
sample_2_ref_1_3,4.6,"1,5",-1,0.43490569904164134
sample_2_ref_1_3,4.6,"1,6",-1,0.46781305665928175
sample_2_ref_1_3,4.6,"2,3",-1,0.7717236792787628
sample_2_ref_1_3,4.6,"2,4",-1,0.7023806413865998
sample_2_ref_1_3,4.6,"2,5",-1,0.8805681594079982
sample_2_ref_1_3,4.6,"2,6",-1,0.7975105577018747
sample_2_ref_1_3,4.6,"3,4",-1,0.688867010302607
sample_2_ref_1_3,4.6,"3,5",-1,0.5430412463895865
sample_2_ref_1_3,4.6,"3,6",-1,0.6239962724442069
sample_2_ref_1_3,4.6,"4,5",-1,0.824812871758348
sample_2_ref_1_3,4.6,"4,6",-1,0.7945334149022498
sample_2_ref_1_3,4.6,"5,6",-1,0.8899462433059339
sample_2_ref_1_3,4.7,"1,2",-1,0.42250297096013195
sample_2_ref_1_3,4.7,"1,3",-1,0.553820090198634
sample_2_ref_1_3,4.7,"1,4",-1,0.4586355277754882
sample_2_ref_1_3,4.7,"1,5",-1,0.459091792293662
sample_2_ref_1_3,4.7,"1,6",-1,0.4433821277796005
sample_2_ref_1_3,4.7,"2,3",-1,0.8707074744933192
sample_2_ref_1_3,4.7,"2,4",-1,0.8172545947405424
sample_2_ref_1_3,4.7,"2,5",-1,0.8379881948782799
sample_2_ref_1_3,4.7,"2,6",-1,0.6939189392628212
sample_2_ref_1_3,4.7,"3,4",-1,0.8400171812245979
sample_2_ref_1_3,4.7,"3,5",-1,0.7840812465097845
sample_2_ref_1_3,4.7,"3,6",-1,0.706052504592829
sample_2_ref_1_3,4.7,"4,5",-1,0.7413846488243127
sample_2_ref_1_3,4.7,"4,6",-1,0.7649774127736765
sample_2_ref_1_3,4.7,"5,6",-1,0.7969786850789006
sample_2_ref_1_3,4.8,"1,2",-1,0.45909407113044853
sample_2_ref_1_3,4.8,"1,3",-1,0.4224843382490814
sample_2_ref_1_3,4.8,"1,4",-1,0.48498649092968066
sample_2_ref_1_3,4.8,"1,5",-1,0.48474363712502466
sample_2_ref_1_3,4.8,"1,6",-1,0.4341769013371461
sample_2_ref_1_3,4.8,"2,3",-1,0.8680596346432082
sample_2_ref_1_3,4.8,"2,4",-1,0.7791849663216612
sample_2_ref_1_3,4.8,"2,5",-1,0.7890402387313558
sample_2_ref_1_3,4.8,"2,6",-1,0.8214119218645601
sample_2_ref_1_3,4.8,"3,4",-1,0.6183524599723239
sample_2_ref_1_3,4.8,"3,5",-1,0.8396676766353055
sample_2_ref_1_3,4.8,"3,6",-1,0.7751142811035299
sample_2_ref_1_3,4.8,"4,5",-1,0.8297349133449783
sample_2_ref_1_3,4.8,"4,6",-1,0.9080625090309035
sample_2_ref_1_3,4.8,"5,6",-1,0.8362573982511345
sample_2_ref_1_3,4.9,"1,2",-1,0.5439207746190953
sample_2_ref_1_3,4.9,"1,3",-1,0.3900889987197269
sample_2_ref_1_3,4.9,"1,4",-1,0.42710053896894834
sample_2_ref_1_3,4.9,"1,5",-1,0.46336834146309336
sample_2_ref_1_3,4.9,"1,6",-1,0.43869712899016067
sample_2_ref_1_3,4.9,"2,3",-1,0.9343097008594261
sample_2_ref_1_3,4.9,"2,4",-1,0.7710535664778212
sample_2_ref_1_3,4.9,"2,5",-1,0.8308994052941613
sample_2_ref_1_3,4.9,"2,6",-1,0.8016332724446877
sample_2_ref_1_3,4.9,"3,4",-1,0.6148121885637738
sample_2_ref_1_3,4.9,"3,5",-1,0.7261886582381571
sample_2_ref_1_3,4.9,"3,6",-1,0.7505704469211045
sample_2_ref_1_3,4.9,"4,5",-1,0.6673792601444769
sample_2_ref_1_3,4.9,"4,6",-1,0.6976129149819228
sample_2_ref_1_3,4.9,"5,6",-1,0.8045380081817503
sample_2_ref_1_3,5.0,"1,2",-1,0.49130360522211525
sample_2_ref_1_3,5.0,"1,3",-1,0.4652861353799242
sample_2_ref_1_3,5.0,"1,4",-1,0.37779707393006445
sample_2_ref_1_3,5.0,"1,5",-1,0.43524548478288094
sample_2_ref_1_3,5.0,"1,6",-1,0.43755542558829824
sample_2_ref_1_3,5.0,"2,3",-1,0.7192710659348529
sample_2_ref_1_3,5.0,"2,4",-1,0.8170114952986969
sample_2_ref_1_3,5.0,"2,5",-1,0.8523609337279918
sample_2_ref_1_3,5.0,"2,6",-1,0.67614637493936
sample_2_ref_1_3,5.0,"3,4",-1,0.8137700821833389
sample_2_ref_1_3,5.0,"3,5",-1,0.9164954265512383
sample_2_ref_1_3,5.0,"3,6",-1,0.8145613353603622
sample_2_ref_1_3,5.0,"4,5",-1,0.7372084136294768
sample_2_ref_1_3,5.0,"4,6",-1,0.8672668243003736
sample_2_ref_1_3,5.0,"5,6",-1,0.8992912878050578
sample_2_ref_1_3,0.1,"1,2",-2,0.12239671052542253
sample_2_ref_1_3,0.1,"1,3",-2,0.1965365087415152
sample_2_ref_1_3,0.1,"1,4",-2,0.21579633076310162
sample_2_ref_1_3,0.1,"1,5",-2,0.2052629415166836
sample_2_ref_1_3,0.1,"1,6",-2,0.4070247843881145
sample_2_ref_1_3,0.1,"2,3",-2,0.15388366156749642
sample_2_ref_1_3,0.1,"2,4",-2,0.28278171002338404
sample_2_ref_1_3,0.1,"2,5",-2,0.16925484973863975
sample_2_ref_1_3,0.1,"2,6",-2,0.5136092919277991
sample_2_ref_1_3,0.1,"3,4",-2,0.26586536189671106
sample_2_ref_1_3,0.1,"3,5",-2,0.3113412628176268
sample_2_ref_1_3,0.1,"3,6",-2,0.7039518012787344
sample_2_ref_1_3,0.1,"4,5",-2,0.2716199713764906
sample_2_ref_1_3,0.1,"4,6",-2,0.8230545943079972
sample_2_ref_1_3,0.1,"5,6",-2,0.8421377501591358
sample_2_ref_1_3,0.2,"1,2",-2,0.2063224575115267
sample_2_ref_1_3,0.2,"1,3",-2,0.3169417193186132
sample_2_ref_1_3,0.2,"1,4",-2,0.4464519006125799
sample_2_ref_1_3,0.2,"1,5",-2,0.3800360634255609
sample_2_ref_1_3,0.2,"1,6",-2,0.4199920618258848
sample_2_ref_1_3,0.2,"2,3",-2,0.18535437876268968
sample_2_ref_1_3,0.2,"2,4",-2,0.3197937681516494
sample_2_ref_1_3,0.2,"2,5",-2,0.24175598980491272
sample_2_ref_1_3,0.2,"2,6",-2,0.1698694937180286
sample_2_ref_1_3,0.2,"3,4",-2,0.34265247352551464
sample_2_ref_1_3,0.2,"3,5",-2,0.4745162459094728
sample_2_ref_1_3,0.2,"3,6",-2,0.4959681352932702
sample_2_ref_1_3,0.2,"4,5",-2,0.3816611929898343
sample_2_ref_1_3,0.2,"4,6",-2,0.550914135407787
sample_2_ref_1_3,0.2,"5,6",-2,0.3744132307212502
sample_2_ref_1_3,0.3,"1,2",-2,0.15697727363391728
sample_2_ref_1_3,0.3,"1,3",-2,0.30542292626584566
sample_2_ref_1_3,0.3,"1,4",-2,0.35594906135788745
sample_2_ref_1_3,0.3,"1,5",-2,0.2411030009928942
sample_2_ref_1_3,0.3,"1,6",-2,0.3378370854497208
sample_2_ref_1_3,0.3,"2,3",-2,0.19581319046366202
sample_2_ref_1_3,0.3,"2,4",-2,0.30759572724235495
sample_2_ref_1_3,0.3,"2,5",-2,0.17519095689596575
sample_2_ref_1_3,0.3,"2,6",-2,0.1348152080635396
sample_2_ref_1_3,0.3,"3,4",-2,0.34492596575909223
sample_2_ref_1_3,0.3,"3,5",-2,0.4545684236733418
sample_2_ref_1_3,0.3,"3,6",-2,0.46754575160123113
sample_2_ref_1_3,0.3,"4,5",-2,0.3130692470301138
sample_2_ref_1_3,0.3,"4,6",-2,0.460940246333726
sample_2_ref_1_3,0.3,"5,6",-2,0.3334056113213616
sample_2_ref_1_3,0.4,"1,2",-2,0.21866345171959814
sample_2_ref_1_3,0.4,"1,3",-2,0.36620106501064037
sample_2_ref_1_3,0.4,"1,4",-2,0.4087114211914054
sample_2_ref_1_3,0.4,"1,5",-2,0.34284858719452077
sample_2_ref_1_3,0.4,"1,6",-2,0.3501731304639977
sample_2_ref_1_3,0.4,"2,3",-2,0.22406680588541272
sample_2_ref_1_3,0.4,"2,4",-2,0.3561633735514944
sample_2_ref_1_3,0.4,"2,5",-2,0.28369005433336114
sample_2_ref_1_3,0.4,"2,6",-2,0.23793427116580906
sample_2_ref_1_3,0.4,"3,4",-2,0.43658455671456087
sample_2_ref_1_3,0.4,"3,5",-2,0.5684768536818455
sample_2_ref_1_3,0.4,"3,6",-2,0.42530929952748114
sample_2_ref_1_3,0.4,"4,5",-2,0.34283395088890306
sample_2_ref_1_3,0.4,"4,6",-2,0.6210076601380439
sample_2_ref_1_3,0.4,"5,6",-2,0.4394654637107891
sample_2_ref_1_3,0.5,"1,2",-2,0.1858767993854395
sample_2_ref_1_3,0.5,"1,3",-2,0.3966450952267881
sample_2_ref_1_3,0.5,"1,4",-2,0.38339161838729313
sample_2_ref_1_3,0.5,"1,5",-2,0.6459518447246401
sample_2_ref_1_3,0.5,"1,6",-2,0.575550713356926
sample_2_ref_1_3,0.5,"2,3",-2,0.2481822858065742
sample_2_ref_1_3,0.5,"2,4",-2,0.2493450082060631
sample_2_ref_1_3,0.5,"2,5",-2,0.5931269951768665
sample_2_ref_1_3,0.5,"2,6",-2,0.549590445622187
sample_2_ref_1_3,0.5,"3,4",-2,0.3584130599541396
sample_2_ref_1_3,0.5,"3,5",-2,0.8081534454430664
sample_2_ref_1_3,0.5,"3,6",-2,0.8113785184471006
sample_2_ref_1_3,0.5,"4,5",-2,0.8998104650054395
sample_2_ref_1_3,0.5,"4,6",-2,0.8364651546502364
sample_2_ref_1_3,0.5,"5,6",-2,0.5813453023986284
sample_2_ref_1_3,0.6,"1,2",-2,0.21203949925231153
sample_2_ref_1_3,0.6,"1,3",-2,0.3547369539304734
sample_2_ref_1_3,0.6,"1,4",-2,0.4482522159056289
sample_2_ref_1_3,0.6,"1,5",-2,0.5926678661890102
sample_2_ref_1_3,0.6,"1,6",-2,0.5384874841980766
sample_2_ref_1_3,0.6,"2,3",-2,0.31377815134314624
sample_2_ref_1_3,0.6,"2,4",-2,0.3105962639367742
sample_2_ref_1_3,0.6,"2,5",-2,0.5779829671489711
sample_2_ref_1_3,0.6,"2,6",-2,0.5599130810155827
sample_2_ref_1_3,0.6,"3,4",-2,0.4750344593893342
sample_2_ref_1_3,0.6,"3,5",-2,0.8127312151722853
sample_2_ref_1_3,0.6,"3,6",-2,0.8237117049441075
sample_2_ref_1_3,0.6,"4,5",-2,0.9151445291146124
sample_2_ref_1_3,0.6,"4,6",-2,0.8426002605816297
sample_2_ref_1_3,0.6,"5,6",-2,0.5351302723658068
sample_2_ref_1_3,0.7,"1,2",-2,0.640372945258331
sample_2_ref_1_3,0.7,"1,3",-2,0.40500621834295447
sample_2_ref_1_3,0.7,"1,4",-2,0.415012382708531
sample_2_ref_1_3,0.7,"1,5",-2,0.3624295030054258
sample_2_ref_1_3,0.7,"1,6",-2,0.4036897229963657
sample_2_ref_1_3,0.7,"2,3",-2,0.8381959118026673
sample_2_ref_1_3,0.7,"2,4",-2,0.903189259998869
sample_2_ref_1_3,0.7,"2,5",-2,0.8571803545788433
sample_2_ref_1_3,0.7,"2,6",-2,0.7847418324774945
sample_2_ref_1_3,0.7,"3,4",-2,0.7042267102604727
sample_2_ref_1_3,0.7,"3,5",-2,0.713210619225104
sample_2_ref_1_3,0.7,"3,6",-2,0.6931491393112981
sample_2_ref_1_3,0.7,"4,5",-2,0.3983212869248402
sample_2_ref_1_3,0.7,"4,6",-2,0.7403371059470412
sample_2_ref_1_3,0.7,"5,6",-2,0.5503987628388659
sample_2_ref_1_3,0.8,"1,2",-2,0.6747669946900748
sample_2_ref_1_3,0.8,"1,3",-2,0.5339232306391496
sample_2_ref_1_3,0.8,"1,4",-2,0.5225547225386838
sample_2_ref_1_3,0.8,"1,5",-2,0.4221323945491803
sample_2_ref_1_3,0.8,"1,6",-2,0.4471784808612082
sample_2_ref_1_3,0.8,"2,3",-2,0.8332042186462283
sample_2_ref_1_3,0.8,"2,4",-2,0.8927972640763937
sample_2_ref_1_3,0.8,"2,5",-2,0.772501763936152
sample_2_ref_1_3,0.8,"2,6",-2,0.8428625051127338
sample_2_ref_1_3,0.8,"3,4",-2,0.8413115372488001
sample_2_ref_1_3,0.8,"3,5",-2,0.9191771562764969
sample_2_ref_1_3,0.8,"3,6",-2,0.827077439481069
sample_2_ref_1_3,0.8,"4,5",-2,0.3772896218390569
sample_2_ref_1_3,0.8,"4,6",-2,0.7007180128781273
sample_2_ref_1_3,0.8,"5,6",-2,0.5616881115224457
sample_2_ref_1_3,0.9,"1,2",-2,0.5020984700537454
sample_2_ref_1_3,0.9,"1,3",-2,0.3106946175059474
sample_2_ref_1_3,0.9,"1,4",-2,0.48315216515057746
sample_2_ref_1_3,0.9,"1,5",-2,0.5256329333041739
sample_2_ref_1_3,0.9,"1,6",-2,0.4592815427441196
sample_2_ref_1_3,0.9,"2,3",-2,0.38625258670888735
sample_2_ref_1_3,0.9,"2,4",-2,0.8020872371481242
sample_2_ref_1_3,0.9,"2,5",-2,0.9473028576312525
sample_2_ref_1_3,0.9,"2,6",-2,0.8337520416878712
sample_2_ref_1_3,0.9,"3,4",-2,0.6674006567142255
sample_2_ref_1_3,0.9,"3,5",-2,0.7283009036587704
sample_2_ref_1_3,0.9,"3,6",-2,0.6913963767220478
sample_2_ref_1_3,0.9,"4,5",-2,0.8624785551408616
sample_2_ref_1_3,0.9,"4,6",-2,0.8813914742654753
sample_2_ref_1_3,0.9,"5,6",-2,0.9404498913322776
sample_2_ref_1_3,1.0,"1,2",-2,0.4076282736196156
sample_2_ref_1_3,1.0,"1,3",-2,0.3128683145158844
sample_2_ref_1_3,1.0,"1,4",-2,0.47411510855664785
sample_2_ref_1_3,1.0,"1,5",-2,0.455928751799519
sample_2_ref_1_3,1.0,"1,6",-2,0.45222510506534525
sample_2_ref_1_3,1.0,"2,3",-2,0.39277240664458973
sample_2_ref_1_3,1.0,"2,4",-2,0.5989879593267932
sample_2_ref_1_3,1.0,"2,5",-2,0.6658423478759147
sample_2_ref_1_3,1.0,"2,6",-2,0.639001327709109
sample_2_ref_1_3,1.0,"3,4",-2,0.5759440852044617
sample_2_ref_1_3,1.0,"3,5",-2,0.49276272182073155
sample_2_ref_1_3,1.0,"3,6",-2,0.48726085582682804
sample_2_ref_1_3,1.0,"4,5",-2,0.4922677729432754
sample_2_ref_1_3,1.0,"4,6",-2,0.7301115839492162
sample_2_ref_1_3,1.0,"5,6",-2,0.5997486355516829
sample_2_ref_1_3,1.1,"1,2",-2,0.5090971299272858
sample_2_ref_1_3,1.1,"1,3",-2,0.288589253488182
sample_2_ref_1_3,1.1,"1,4",-2,0.44128954824443406
sample_2_ref_1_3,1.1,"1,5",-2,0.503493027988014
sample_2_ref_1_3,1.1,"1,6",-2,0.3970329782992057
sample_2_ref_1_3,1.1,"2,3",-2,0.3651180461148869
sample_2_ref_1_3,1.1,"2,4",-2,0.8586149440805771
sample_2_ref_1_3,1.1,"2,5",-2,0.9406273400415204
sample_2_ref_1_3,1.1,"2,6",-2,0.8451836092283146
sample_2_ref_1_3,1.1,"3,4",-2,0.7958153878545872
sample_2_ref_1_3,1.1,"3,5",-2,0.6881265083967296
sample_2_ref_1_3,1.1,"3,6",-2,0.5985012624051737
sample_2_ref_1_3,1.1,"4,5",-2,0.45628910929994554
sample_2_ref_1_3,1.1,"4,6",-2,0.8630180655940283
sample_2_ref_1_3,1.1,"5,6",-2,0.8912772382505
sample_2_ref_1_3,1.2,"1,2",-2,0.4255548377960401
sample_2_ref_1_3,1.2,"1,3",-2,0.2985356987219877
sample_2_ref_1_3,1.2,"1,4",-2,0.4386328663152883
sample_2_ref_1_3,1.2,"1,5",-2,0.36028703184490585
sample_2_ref_1_3,1.2,"1,6",-2,0.5023212419134856
sample_2_ref_1_3,1.2,"2,3",-2,0.411024561589747
sample_2_ref_1_3,1.2,"2,4",-2,0.623874217618463
sample_2_ref_1_3,1.2,"2,5",-2,0.7680669828833998
sample_2_ref_1_3,1.2,"2,6",-2,0.8702500482071543
sample_2_ref_1_3,1.2,"3,4",-2,0.6007338125150647
sample_2_ref_1_3,1.2,"3,5",-2,0.57570655444102
sample_2_ref_1_3,1.2,"3,6",-2,0.7512834251960396
sample_2_ref_1_3,1.2,"4,5",-2,0.37069907828246906
sample_2_ref_1_3,1.2,"4,6",-2,0.7871124372191969
sample_2_ref_1_3,1.2,"5,6",-2,0.8726842270075632
sample_2_ref_1_3,1.3,"1,2",-2,0.49851126951340846
sample_2_ref_1_3,1.3,"1,3",-2,0.6767373396545684
sample_2_ref_1_3,1.3,"1,4",-2,0.49981412067675934
sample_2_ref_1_3,1.3,"1,5",-2,0.4090428971061558
sample_2_ref_1_3,1.3,"1,6",-2,0.5273941910380845
sample_2_ref_1_3,1.3,"2,3",-2,0.8358123772240066
sample_2_ref_1_3,1.3,"2,4",-2,0.8763567318185826
sample_2_ref_1_3,1.3,"2,5",-2,0.8838836547185783
sample_2_ref_1_3,1.3,"2,6",-2,0.8490864656645356
sample_2_ref_1_3,1.3,"3,4",-2,0.7526911268044576
sample_2_ref_1_3,1.3,"3,5",-2,0.7803747850310502
sample_2_ref_1_3,1.3,"3,6",-2,0.7742759244597762
sample_2_ref_1_3,1.3,"4,5",-2,0.7119940434485225
sample_2_ref_1_3,1.3,"4,6",-2,0.8081180465422757
sample_2_ref_1_3,1.3,"5,6",-2,0.8777941015803018
sample_2_ref_1_3,1.4,"1,2",-2,0.4556382148162936
sample_2_ref_1_3,1.4,"1,3",-2,0.6189695974266257
sample_2_ref_1_3,1.4,"1,4",-2,0.4291708893085544
sample_2_ref_1_3,1.4,"1,5",-2,0.36429497269847944
sample_2_ref_1_3,1.4,"1,6",-2,0.4815404873136461
sample_2_ref_1_3,1.4,"2,3",-2,0.8402125562225395
sample_2_ref_1_3,1.4,"2,4",-2,0.8839740974652139
sample_2_ref_1_3,1.4,"2,5",-2,0.7796565892459232
sample_2_ref_1_3,1.4,"2,6",-2,0.8481117349475701
sample_2_ref_1_3,1.4,"3,4",-2,0.7653514852892928
sample_2_ref_1_3,1.4,"3,5",-2,0.840282684617546
sample_2_ref_1_3,1.4,"3,6",-2,0.6714168489490815
sample_2_ref_1_3,1.4,"4,5",-2,0.8829765436951478
sample_2_ref_1_3,1.4,"4,6",-2,0.7439888782013874
sample_2_ref_1_3,1.4,"5,6",-2,0.8779092572946567
sample_2_ref_1_3,1.5,"1,2",-2,0.3721931144505298
sample_2_ref_1_3,1.5,"1,3",-2,0.30418248814436766
sample_2_ref_1_3,1.5,"1,4",-2,0.4935386350602293
sample_2_ref_1_3,1.5,"1,5",-2,0.4278767142698716
sample_2_ref_1_3,1.5,"1,6",-2,0.5157053612024793
sample_2_ref_1_3,1.5,"2,3",-2,0.36043110977856574
sample_2_ref_1_3,1.5,"2,4",-2,0.7732956332337877
sample_2_ref_1_3,1.5,"2,5",-2,0.640428846748578
sample_2_ref_1_3,1.5,"2,6",-2,0.7781914554385138
sample_2_ref_1_3,1.5,"3,4",-2,0.7175221655307201
sample_2_ref_1_3,1.5,"3,5",-2,0.5319373868900136
sample_2_ref_1_3,1.5,"3,6",-2,0.6238168520353656
sample_2_ref_1_3,1.5,"4,5",-2,0.9260661494845928
sample_2_ref_1_3,1.5,"4,6",-2,0.79997980911797
sample_2_ref_1_3,1.5,"5,6",-2,0.8814966492753872
sample_2_ref_1_3,1.6,"1,2",-2,0.4309922496424058
sample_2_ref_1_3,1.6,"1,3",-2,0.3726901326116908
sample_2_ref_1_3,1.6,"1,4",-2,0.5176327703819722
sample_2_ref_1_3,1.6,"1,5",-2,0.501785554432787
sample_2_ref_1_3,1.6,"1,6",-2,0.5581604117726077
sample_2_ref_1_3,1.6,"2,3",-2,0.45530741336380576
sample_2_ref_1_3,1.6,"2,4",-2,0.8481796247916215
sample_2_ref_1_3,1.6,"2,5",-2,0.7002710341620852
sample_2_ref_1_3,1.6,"2,6",-2,0.8442073757192468
sample_2_ref_1_3,1.6,"3,4",-2,0.7283597277544459
sample_2_ref_1_3,1.6,"3,5",-2,0.5672941170471865
sample_2_ref_1_3,1.6,"3,6",-2,0.735114159091683
sample_2_ref_1_3,1.6,"4,5",-2,0.9105332777541388
sample_2_ref_1_3,1.6,"4,6",-2,0.7332314941208419
sample_2_ref_1_3,1.6,"5,6",-2,0.9038819198453245
sample_2_ref_1_3,1.7,"1,2",-2,0.4152898645759178
sample_2_ref_1_3,1.7,"1,3",-2,0.2974146752622987
sample_2_ref_1_3,1.7,"1,4",-2,0.413947225236625
sample_2_ref_1_3,1.7,"1,5",-2,0.34894186938336585
sample_2_ref_1_3,1.7,"1,6",-2,0.5072018770792591
sample_2_ref_1_3,1.7,"2,3",-2,0.4072437501371758
sample_2_ref_1_3,1.7,"2,4",-2,0.6792834272262566
sample_2_ref_1_3,1.7,"2,5",-2,0.7656475776506566
sample_2_ref_1_3,1.7,"2,6",-2,0.8660079755628108
sample_2_ref_1_3,1.7,"3,4",-2,0.6402958910043023
sample_2_ref_1_3,1.7,"3,5",-2,0.6575599711620248
sample_2_ref_1_3,1.7,"3,6",-2,0.6362867181033565
sample_2_ref_1_3,1.7,"4,5",-2,0.8100566330022282
sample_2_ref_1_3,1.7,"4,6",-2,0.7475023044849234
sample_2_ref_1_3,1.7,"5,6",-2,0.827119943679115
sample_2_ref_1_3,1.8,"1,2",-2,0.38171188390073313
sample_2_ref_1_3,1.8,"1,3",-2,0.29543017508035685
sample_2_ref_1_3,1.8,"1,4",-2,0.4334911232835477
sample_2_ref_1_3,1.8,"1,5",-2,0.4255903638580364
sample_2_ref_1_3,1.8,"1,6",-2,0.477525546535156
sample_2_ref_1_3,1.8,"2,3",-2,0.40827725452606095
sample_2_ref_1_3,1.8,"2,4",-2,0.8428028866045584
sample_2_ref_1_3,1.8,"2,5",-2,0.6506084099087024
sample_2_ref_1_3,1.8,"2,6",-2,0.8076640040499524
sample_2_ref_1_3,1.8,"3,4",-2,0.714468221648414
sample_2_ref_1_3,1.8,"3,5",-2,0.5304131425065417
sample_2_ref_1_3,1.8,"3,6",-2,0.6585611388899149
sample_2_ref_1_3,1.8,"4,5",-2,0.8377298729608914
sample_2_ref_1_3,1.8,"4,6",-2,0.7834587865746524
sample_2_ref_1_3,1.8,"5,6",-2,0.8954901060108943
sample_2_ref_1_3,1.9,"1,2",-2,0.299961250774243
sample_2_ref_1_3,1.9,"1,3",-2,0.23983244665373232
sample_2_ref_1_3,1.9,"1,4",-2,0.4212022792060423
sample_2_ref_1_3,1.9,"1,5",-2,0.34976463282833303
sample_2_ref_1_3,1.9,"1,6",-2,0.3362286774052813
sample_2_ref_1_3,1.9,"2,3",-2,0.3136138367964765
sample_2_ref_1_3,1.9,"2,4",-2,0.7414282724813067
sample_2_ref_1_3,1.9,"2,5",-2,0.6415242180089582
sample_2_ref_1_3,1.9,"2,6",-2,0.5263265707544938
sample_2_ref_1_3,1.9,"3,4",-2,0.6473595668297584
sample_2_ref_1_3,1.9,"3,5",-2,0.6060967592729571
sample_2_ref_1_3,1.9,"3,6",-2,0.44444400592423394
sample_2_ref_1_3,1.9,"4,5",-2,0.8626391467684698
sample_2_ref_1_3,1.9,"4,6",-2,0.7499172168477894
sample_2_ref_1_3,1.9,"5,6",-2,0.7547688053553264
sample_2_ref_1_3,2.0,"1,2",-2,0.41017486937131725
sample_2_ref_1_3,2.0,"1,3",-2,0.30022197499076825
sample_2_ref_1_3,2.0,"1,4",-2,0.5267755069324436
sample_2_ref_1_3,2.0,"1,5",-2,0.46320374438922657
sample_2_ref_1_3,2.0,"1,6",-2,0.5151549942232568
sample_2_ref_1_3,2.0,"2,3",-2,0.4362250023404457
sample_2_ref_1_3,2.0,"2,4",-2,0.6589782220704654
sample_2_ref_1_3,2.0,"2,5",-2,0.6463027117227129
sample_2_ref_1_3,2.0,"2,6",-2,0.737687771136938
sample_2_ref_1_3,2.0,"3,4",-2,0.5976552416205417
sample_2_ref_1_3,2.0,"3,5",-2,0.5843289893039347
sample_2_ref_1_3,2.0,"3,6",-2,0.4848907822026431
sample_2_ref_1_3,2.0,"4,5",-2,0.6844307509130246
sample_2_ref_1_3,2.0,"4,6",-2,0.7745978273805718
sample_2_ref_1_3,2.0,"5,6",-2,0.7268171217739448
sample_2_ref_1_3,2.1,"1,2",-2,0.48400121352659653
sample_2_ref_1_3,2.1,"1,3",-2,0.3195077973264468
sample_2_ref_1_3,2.1,"1,4",-2,0.34943859592627957
sample_2_ref_1_3,2.1,"1,5",-2,0.3860378651047623
sample_2_ref_1_3,2.1,"1,6",-2,0.4113179951049441
sample_2_ref_1_3,2.1,"2,3",-2,0.4555735645610281
sample_2_ref_1_3,2.1,"2,4",-2,0.5829698163040249
sample_2_ref_1_3,2.1,"2,5",-2,0.6622213230712767
sample_2_ref_1_3,2.1,"2,6",-2,0.8425939172418682
sample_2_ref_1_3,2.1,"3,4",-2,0.47824459255166546
sample_2_ref_1_3,2.1,"3,5",-2,0.5060199526441369
sample_2_ref_1_3,2.1,"3,6",-2,0.6781654924983972
sample_2_ref_1_3,2.1,"4,5",-2,0.49757392828399993
sample_2_ref_1_3,2.1,"4,6",-2,0.713240283507196
sample_2_ref_1_3,2.1,"5,6",-2,0.7422403431035252
sample_2_ref_1_3,2.2,"1,2",-2,0.41464992231728554
sample_2_ref_1_3,2.2,"1,3",-2,0.32060546371451754
sample_2_ref_1_3,2.2,"1,4",-2,0.3868792217918002
sample_2_ref_1_3,2.2,"1,5",-2,0.42422992218920147
sample_2_ref_1_3,2.2,"1,6",-2,0.4395727901798933
sample_2_ref_1_3,2.2,"2,3",-2,0.43234293644755767
sample_2_ref_1_3,2.2,"2,4",-2,0.6235614556592027
sample_2_ref_1_3,2.2,"2,5",-2,0.6859713913892829
sample_2_ref_1_3,2.2,"2,6",-2,0.7279043959681863
sample_2_ref_1_3,2.2,"3,4",-2,0.5482971441427775
sample_2_ref_1_3,2.2,"3,5",-2,0.5913753255413773
sample_2_ref_1_3,2.2,"3,6",-2,0.6037716338872741
sample_2_ref_1_3,2.2,"4,5",-2,0.6069660528093944
sample_2_ref_1_3,2.2,"4,6",-2,0.6606352094861415
sample_2_ref_1_3,2.2,"5,6",-2,0.8108284094895203
sample_2_ref_1_3,2.3,"1,2",-2,0.4184195905535278
sample_2_ref_1_3,2.3,"1,3",-2,0.35380608428366866
sample_2_ref_1_3,2.3,"1,4",-2,0.5717398620659949
sample_2_ref_1_3,2.3,"1,5",-2,0.5071220230732164
sample_2_ref_1_3,2.3,"1,6",-2,0.4643115714604221
sample_2_ref_1_3,2.3,"2,3",-2,0.46460640271434794
sample_2_ref_1_3,2.3,"2,4",-2,0.5466118343341563
sample_2_ref_1_3,2.3,"2,5",-2,0.6584732860334407
sample_2_ref_1_3,2.3,"2,6",-2,0.6478462860092801
sample_2_ref_1_3,2.3,"3,4",-2,0.5795996897240567
sample_2_ref_1_3,2.3,"3,5",-2,0.5769040800118829
sample_2_ref_1_3,2.3,"3,6",-2,0.4761901972412139
sample_2_ref_1_3,2.3,"4,5",-2,0.4812787419504547
sample_2_ref_1_3,2.3,"4,6",-2,0.7359357001723283
sample_2_ref_1_3,2.3,"5,6",-2,0.7482443951197552
sample_2_ref_1_3,2.4,"1,2",-2,0.4370799340369956
sample_2_ref_1_3,2.4,"1,3",-2,0.38811663801383606
sample_2_ref_1_3,2.4,"1,4",-2,0.546986742213272
sample_2_ref_1_3,2.4,"1,5",-2,0.45835733955743996
sample_2_ref_1_3,2.4,"1,6",-2,0.5345955894302415
sample_2_ref_1_3,2.4,"2,3",-2,0.467210106307251
sample_2_ref_1_3,2.4,"2,4",-2,0.8403456775783072
sample_2_ref_1_3,2.4,"2,5",-2,0.7024761651820854
sample_2_ref_1_3,2.4,"2,6",-2,0.8258613776872161
sample_2_ref_1_3,2.4,"3,4",-2,0.7571971228894588
sample_2_ref_1_3,2.4,"3,5",-2,0.6380914491620703
sample_2_ref_1_3,2.4,"3,6",-2,0.7614130853302303
sample_2_ref_1_3,2.4,"4,5",-2,0.913085013186802
sample_2_ref_1_3,2.4,"4,6",-2,0.7716211616104669
sample_2_ref_1_3,2.4,"5,6",-2,0.815049441856815
sample_2_ref_1_3,2.5,"1,2",-2,0.4038803134401762
sample_2_ref_1_3,2.5,"1,3",-2,0.39239192360393216
sample_2_ref_1_3,2.5,"1,4",-2,0.5016635485809909
sample_2_ref_1_3,2.5,"1,5",-2,0.5084980227715733
sample_2_ref_1_3,2.5,"1,6",-2,0.5776966089849368
sample_2_ref_1_3,2.5,"2,3",-2,0.456174070772747
sample_2_ref_1_3,2.5,"2,4",-2,0.5534762328112541
sample_2_ref_1_3,2.5,"2,5",-2,0.595343051254808
sample_2_ref_1_3,2.5,"2,6",-2,0.8095408304356874
sample_2_ref_1_3,2.5,"3,4",-2,0.5328208489251447
sample_2_ref_1_3,2.5,"3,5",-2,0.5272287193033913
sample_2_ref_1_3,2.5,"3,6",-2,0.7053707818106152
sample_2_ref_1_3,2.5,"4,5",-2,0.5447408574045968
sample_2_ref_1_3,2.5,"4,6",-2,0.8434848970236715
sample_2_ref_1_3,2.5,"5,6",-2,0.8696971968194129
sample_2_ref_1_3,2.6,"1,2",-2,0.4111484157577952
sample_2_ref_1_3,2.6,"1,3",-2,0.2878933975499722
sample_2_ref_1_3,2.6,"1,4",-2,0.48572768751072615
sample_2_ref_1_3,2.6,"1,5",-2,0.4971402728561696
sample_2_ref_1_3,2.6,"1,6",-2,0.44433474704088016
sample_2_ref_1_3,2.6,"2,3",-2,0.4891235673411944
sample_2_ref_1_3,2.6,"2,4",-2,0.585772386610559
sample_2_ref_1_3,2.6,"2,5",-2,0.7206922560390197
sample_2_ref_1_3,2.6,"2,6",-2,0.7159112143139955
sample_2_ref_1_3,2.6,"3,4",-2,0.5886113123936314
sample_2_ref_1_3,2.6,"3,5",-2,0.6573131661437178
sample_2_ref_1_3,2.6,"3,6",-2,0.5138552906096814
sample_2_ref_1_3,2.6,"4,5",-2,0.8594689628943967
sample_2_ref_1_3,2.6,"4,6",-2,0.6085230336994597
sample_2_ref_1_3,2.6,"5,6",-2,0.8877615817311466
sample_2_ref_1_3,2.7,"1,2",-2,0.39612292187081927
sample_2_ref_1_3,2.7,"1,3",-2,0.36543749869391035
sample_2_ref_1_3,2.7,"1,4",-2,0.5307839917065362
sample_2_ref_1_3,2.7,"1,5",-2,0.4271790417689886
sample_2_ref_1_3,2.7,"1,6",-2,0.5343147102799378
sample_2_ref_1_3,2.7,"2,3",-2,0.5454103122221069
sample_2_ref_1_3,2.7,"2,4",-2,0.6337773661639227
sample_2_ref_1_3,2.7,"2,5",-2,0.7188162268628702
sample_2_ref_1_3,2.7,"2,6",-2,0.7208683914591992
sample_2_ref_1_3,2.7,"3,4",-2,0.5893626872199181
sample_2_ref_1_3,2.7,"3,5",-2,0.663490996170416
sample_2_ref_1_3,2.7,"3,6",-2,0.6978434799194574
sample_2_ref_1_3,2.7,"4,5",-2,0.5718606187951054
sample_2_ref_1_3,2.7,"4,6",-2,0.8704959604276186
sample_2_ref_1_3,2.7,"5,6",-2,0.7992302171595412
sample_2_ref_1_3,2.8,"1,2",-2,0.3749228702886638
sample_2_ref_1_3,2.8,"1,3",-2,0.36715238460330846
sample_2_ref_1_3,2.8,"1,4",-2,0.5040580325169582
sample_2_ref_1_3,2.8,"1,5",-2,0.4914922873526862
sample_2_ref_1_3,2.8,"1,6",-2,0.5087878483292599
sample_2_ref_1_3,2.8,"2,3",-2,0.5171030435773085
sample_2_ref_1_3,2.8,"2,4",-2,0.4860314716743828
sample_2_ref_1_3,2.8,"2,5",-2,0.6958938443672601
sample_2_ref_1_3,2.8,"2,6",-2,0.7278944584842156
sample_2_ref_1_3,2.8,"3,4",-2,0.5286974376405819
sample_2_ref_1_3,2.8,"3,5",-2,0.5939904824604111
sample_2_ref_1_3,2.8,"3,6",-2,0.7045596428897192
sample_2_ref_1_3,2.8,"4,5",-2,0.7412086052979109
sample_2_ref_1_3,2.8,"4,6",-2,0.7932503294495341
sample_2_ref_1_3,2.8,"5,6",-2,0.8197095262518937
sample_2_ref_1_3,2.9,"1,2",-2,0.4756905175194945
sample_2_ref_1_3,2.9,"1,3",-2,0.3573965681346479
sample_2_ref_1_3,2.9,"1,4",-2,0.5314865022353035
sample_2_ref_1_3,2.9,"1,5",-2,0.4467541369578169
sample_2_ref_1_3,2.9,"1,6",-2,0.47241121739357667
sample_2_ref_1_3,2.9,"2,3",-2,0.5580911092903266
sample_2_ref_1_3,2.9,"2,4",-2,0.7777291381094894
sample_2_ref_1_3,2.9,"2,5",-2,0.8027541633105411
sample_2_ref_1_3,2.9,"2,6",-2,0.7592884732876104
sample_2_ref_1_3,2.9,"3,4",-2,0.7354632189429722
sample_2_ref_1_3,2.9,"3,5",-2,0.608998109785863
sample_2_ref_1_3,2.9,"3,6",-2,0.6383102129509219
sample_2_ref_1_3,2.9,"4,5",-2,0.8892553139477224
sample_2_ref_1_3,2.9,"4,6",-2,0.9629111092103355
sample_2_ref_1_3,2.9,"5,6",-2,0.5937035350019843
sample_2_ref_1_3,3.0,"1,2",-2,0.4050396668949182
sample_2_ref_1_3,3.0,"1,3",-2,0.3617341685025302
sample_2_ref_1_3,3.0,"1,4",-2,0.4917105734231578
sample_2_ref_1_3,3.0,"1,5",-2,0.4673864573623855
sample_2_ref_1_3,3.0,"1,6",-2,0.5292144177207775
sample_2_ref_1_3,3.0,"2,3",-2,0.4872765741758688
sample_2_ref_1_3,3.0,"2,4",-2,0.6357429249663266
sample_2_ref_1_3,3.0,"2,5",-2,0.6794786482015368
sample_2_ref_1_3,3.0,"2,6",-2,0.6419986456246294
sample_2_ref_1_3,3.0,"3,4",-2,0.572821376089155
sample_2_ref_1_3,3.0,"3,5",-2,0.6241690286307748
sample_2_ref_1_3,3.0,"3,6",-2,0.5713769472366093
sample_2_ref_1_3,3.0,"4,5",-2,0.7045058573149477
sample_2_ref_1_3,3.0,"4,6",-2,0.8149654452919693
sample_2_ref_1_3,3.0,"5,6",-2,0.8190596081636919
sample_2_ref_1_3,3.1,"1,2",-2,0.37522405477236304
sample_2_ref_1_3,3.1,"1,3",-2,0.32771868268542914
sample_2_ref_1_3,3.1,"1,4",-2,0.38742299203409614
sample_2_ref_1_3,3.1,"1,5",-2,0.5189849669955447
sample_2_ref_1_3,3.1,"1,6",-2,0.46241980066183863
sample_2_ref_1_3,3.1,"2,3",-2,0.4765252752508584
sample_2_ref_1_3,3.1,"2,4",-2,0.4537632200701299
sample_2_ref_1_3,3.1,"2,5",-2,0.6584147464435164
sample_2_ref_1_3,3.1,"2,6",-2,0.683137056171741
sample_2_ref_1_3,3.1,"3,4",-2,0.4555506788718358
sample_2_ref_1_3,3.1,"3,5",-2,0.5619714879540954
sample_2_ref_1_3,3.1,"3,6",-2,0.6032465542478154
sample_2_ref_1_3,3.1,"4,5",-2,0.7043530157026153
sample_2_ref_1_3,3.1,"4,6",-2,0.7562962197232229
sample_2_ref_1_3,3.1,"5,6",-2,0.9092473842636579
sample_2_ref_1_3,3.2,"1,2",-2,0.3848325461288942
sample_2_ref_1_3,3.2,"1,3",-2,0.3379428252432148
sample_2_ref_1_3,3.2,"1,4",-2,0.46849282721262947
sample_2_ref_1_3,3.2,"1,5",-2,0.524852169191387
sample_2_ref_1_3,3.2,"1,6",-2,0.5129695098934837
sample_2_ref_1_3,3.2,"2,3",-2,0.4932136473168475
sample_2_ref_1_3,3.2,"2,4",-2,0.512494467309668
sample_2_ref_1_3,3.2,"2,5",-2,0.6130837446571866
sample_2_ref_1_3,3.2,"2,6",-2,0.6163387023604483
sample_2_ref_1_3,3.2,"3,4",-2,0.5345562179259622
sample_2_ref_1_3,3.2,"3,5",-2,0.5823766081818218
sample_2_ref_1_3,3.2,"3,6",-2,0.5623580877726798
sample_2_ref_1_3,3.2,"4,5",-2,0.8772052851967811
sample_2_ref_1_3,3.2,"4,6",-2,0.8134593038801836
sample_2_ref_1_3,3.2,"5,6",-2,0.8362709428858943
sample_2_ref_1_3,3.3,"1,2",-2,0.38230583301812054
sample_2_ref_1_3,3.3,"1,3",-2,0.6414542358884406
sample_2_ref_1_3,3.3,"1,4",-2,0.4875524874802739
sample_2_ref_1_3,3.3,"1,5",-2,0.523866179957784
sample_2_ref_1_3,3.3,"1,6",-2,0.4631086664020082
sample_2_ref_1_3,3.3,"2,3",-2,0.8246671904592936
sample_2_ref_1_3,3.3,"2,4",-2,0.8082784258634209
sample_2_ref_1_3,3.3,"2,5",-2,0.7193855029054523
sample_2_ref_1_3,3.3,"2,6",-2,0.7110918227737574
sample_2_ref_1_3,3.3,"3,4",-2,0.726853515456562
sample_2_ref_1_3,3.3,"3,5",-2,0.8051504930469077
sample_2_ref_1_3,3.3,"3,6",-2,0.7825223119516913
sample_2_ref_1_3,3.3,"4,5",-2,0.9266280229472469
sample_2_ref_1_3,3.3,"4,6",-2,0.7840620543419295
sample_2_ref_1_3,3.3,"5,6",-2,0.8420852210239167
sample_2_ref_1_3,3.4,"1,2",-2,0.3936989853137619
sample_2_ref_1_3,3.4,"1,3",-2,0.37365755921769395
sample_2_ref_1_3,3.4,"1,4",-2,0.5102996767450433
sample_2_ref_1_3,3.4,"1,5",-2,0.5376183127470298
sample_2_ref_1_3,3.4,"1,6",-2,0.514327174969503
sample_2_ref_1_3,3.4,"2,3",-2,0.47881436919001436
sample_2_ref_1_3,3.4,"2,4",-2,0.8025007012405178
sample_2_ref_1_3,3.4,"2,5",-2,0.6445038402416895
sample_2_ref_1_3,3.4,"2,6",-2,0.6956548862101241
sample_2_ref_1_3,3.4,"3,4",-2,0.7683526411729624
sample_2_ref_1_3,3.4,"3,5",-2,0.6722040155060638
sample_2_ref_1_3,3.4,"3,6",-2,0.6563186634791968
sample_2_ref_1_3,3.4,"4,5",-2,0.8402787576615713
sample_2_ref_1_3,3.4,"4,6",-2,0.7639591978379611
sample_2_ref_1_3,3.4,"5,6",-2,0.743759699514644
sample_2_ref_1_3,3.5,"1,2",-2,0.39003737925120496
sample_2_ref_1_3,3.5,"1,3",-2,0.3929313546873206
sample_2_ref_1_3,3.5,"1,4",-2,0.49897764935975164
sample_2_ref_1_3,3.5,"1,5",-2,0.5333403603058264
sample_2_ref_1_3,3.5,"1,6",-2,0.5548794749267065
sample_2_ref_1_3,3.5,"2,3",-2,0.4997257303466946
sample_2_ref_1_3,3.5,"2,4",-2,0.531350032645458
sample_2_ref_1_3,3.5,"2,5",-2,0.7425467472474541
sample_2_ref_1_3,3.5,"2,6",-2,0.67852377099837
sample_2_ref_1_3,3.5,"3,4",-2,0.48366091624335505
sample_2_ref_1_3,3.5,"3,5",-2,0.6295655152198948
sample_2_ref_1_3,3.5,"3,6",-2,0.5395660387621464
sample_2_ref_1_3,3.5,"4,5",-2,0.7551609510023098
sample_2_ref_1_3,3.5,"4,6",-2,0.744548332947972
sample_2_ref_1_3,3.5,"5,6",-2,0.7769226376335887
sample_2_ref_1_3,3.6,"1,2",-2,0.29392612386126604
sample_2_ref_1_3,3.6,"1,3",-2,0.32935219462203524
sample_2_ref_1_3,3.6,"1,4",-2,0.41518769276911427
sample_2_ref_1_3,3.6,"1,5",-2,0.4654128606370247
sample_2_ref_1_3,3.6,"1,6",-2,0.467690470397113
sample_2_ref_1_3,3.6,"2,3",-2,0.5204087398032898
sample_2_ref_1_3,3.6,"2,4",-2,0.519003982341395
sample_2_ref_1_3,3.6,"2,5",-2,0.6782184040580957
sample_2_ref_1_3,3.6,"2,6",-2,0.6511491910986796
sample_2_ref_1_3,3.6,"3,4",-2,0.544190414574329
sample_2_ref_1_3,3.6,"3,5",-2,0.6848492222036563
sample_2_ref_1_3,3.6,"3,6",-2,0.5566080314359613
sample_2_ref_1_3,3.6,"4,5",-2,0.8235435652116069
sample_2_ref_1_3,3.6,"4,6",-2,0.726440671824845
sample_2_ref_1_3,3.6,"5,6",-2,0.9112450497156103
sample_2_ref_1_3,3.7,"1,2",-2,0.3674204494377651
sample_2_ref_1_3,3.7,"1,3",-2,0.35286106509677906
sample_2_ref_1_3,3.7,"1,4",-2,0.4436154137438478
sample_2_ref_1_3,3.7,"1,5",-2,0.4347297601252741
sample_2_ref_1_3,3.7,"1,6",-2,0.49837339613932347
sample_2_ref_1_3,3.7,"2,3",-2,0.5109883485952263
sample_2_ref_1_3,3.7,"2,4",-2,0.6123181266309397
sample_2_ref_1_3,3.7,"2,5",-2,0.6374253049023398
sample_2_ref_1_3,3.7,"2,6",-2,0.6972726229719503
sample_2_ref_1_3,3.7,"3,4",-2,0.5657234625272692
sample_2_ref_1_3,3.7,"3,5",-2,0.6456298887661074
sample_2_ref_1_3,3.7,"3,6",-2,0.6775973986346185
sample_2_ref_1_3,3.7,"4,5",-2,0.6223701547346501
sample_2_ref_1_3,3.7,"4,6",-2,0.7834699766395937
sample_2_ref_1_3,3.7,"5,6",-2,0.8240681372007667
sample_2_ref_1_3,3.8,"1,2",-2,0.3343324605900949
sample_2_ref_1_3,3.8,"1,3",-2,0.3022280179382175
sample_2_ref_1_3,3.8,"1,4",-2,0.44648610482726736
sample_2_ref_1_3,3.8,"1,5",-2,0.4956890551838805
sample_2_ref_1_3,3.8,"1,6",-2,0.4780554928110411
sample_2_ref_1_3,3.8,"2,3",-2,0.45636775695963366
sample_2_ref_1_3,3.8,"2,4",-2,0.4570061022986384
sample_2_ref_1_3,3.8,"2,5",-2,0.569699341239065
sample_2_ref_1_3,3.8,"2,6",-2,0.586145794798539
sample_2_ref_1_3,3.8,"3,4",-2,0.523585151427607
sample_2_ref_1_3,3.8,"3,5",-2,0.6587848022588533
sample_2_ref_1_3,3.8,"3,6",-2,0.6653995909079014
sample_2_ref_1_3,3.8,"4,5",-2,0.8408037176820689
sample_2_ref_1_3,3.8,"4,6",-2,0.7034885664458311
sample_2_ref_1_3,3.8,"5,6",-2,0.7594224286017743
sample_2_ref_1_3,3.9,"1,2",-2,0.4469346912923903
sample_2_ref_1_3,3.9,"1,3",-2,0.4120465821457068
sample_2_ref_1_3,3.9,"1,4",-2,0.5121367247364362
sample_2_ref_1_3,3.9,"1,5",-2,0.5351459117944809
sample_2_ref_1_3,3.9,"1,6",-2,0.49736728513971634
sample_2_ref_1_3,3.9,"2,3",-2,0.43335174593330694
sample_2_ref_1_3,3.9,"2,4",-2,0.6946843708061283
sample_2_ref_1_3,3.9,"2,5",-2,0.7479052309033424
sample_2_ref_1_3,3.9,"2,6",-2,0.6767978095982436
sample_2_ref_1_3,3.9,"3,4",-2,0.5873612464788422
sample_2_ref_1_3,3.9,"3,5",-2,0.6699897418099751
sample_2_ref_1_3,3.9,"3,6",-2,0.6624870877449176
sample_2_ref_1_3,3.9,"4,5",-2,0.8269303280900575
sample_2_ref_1_3,3.9,"4,6",-2,0.7534185707373876
sample_2_ref_1_3,3.9,"5,6",-2,0.8807627776347643
sample_2_ref_1_3,4.0,"1,2",-2,0.4027213604208706
sample_2_ref_1_3,4.0,"1,3",-2,0.3929757331359688
sample_2_ref_1_3,4.0,"1,4",-2,0.5405750936435757
sample_2_ref_1_3,4.0,"1,5",-2,0.4969905374332331
sample_2_ref_1_3,4.0,"1,6",-2,0.523668870481433
sample_2_ref_1_3,4.0,"2,3",-2,0.49838959745413036
sample_2_ref_1_3,4.0,"2,4",-2,0.7424574707112029
sample_2_ref_1_3,4.0,"2,5",-2,0.7756939722645786
sample_2_ref_1_3,4.0,"2,6",-2,0.8071889599619797
sample_2_ref_1_3,4.0,"3,4",-2,0.7037946415204015
sample_2_ref_1_3,4.0,"3,5",-2,0.6800934132761842
sample_2_ref_1_3,4.0,"3,6",-2,0.6707622814122423
sample_2_ref_1_3,4.0,"4,5",-2,0.7652956404098342
sample_2_ref_1_3,4.0,"4,6",-2,0.9059683201572576
sample_2_ref_1_3,4.0,"5,6",-2,0.912737440104025
sample_2_ref_1_3,4.1,"1,2",-2,0.37528500156530653
sample_2_ref_1_3,4.1,"1,3",-2,0.4329412766016917
sample_2_ref_1_3,4.1,"1,4",-2,0.5511066559888012
sample_2_ref_1_3,4.1,"1,5",-2,0.5881771980885447
sample_2_ref_1_3,4.1,"1,6",-2,0.5654872775656167
sample_2_ref_1_3,4.1,"2,3",-2,0.47471738683567455
sample_2_ref_1_3,4.1,"2,4",-2,0.7111255886413397
sample_2_ref_1_3,4.1,"2,5",-2,0.7917352192644086
sample_2_ref_1_3,4.1,"2,6",-2,0.8306132387470679
sample_2_ref_1_3,4.1,"3,4",-2,0.5660021265773021
sample_2_ref_1_3,4.1,"3,5",-2,0.7264400377111162
sample_2_ref_1_3,4.1,"3,6",-2,0.6649212261623549
sample_2_ref_1_3,4.1,"4,5",-2,0.8671288606941518
sample_2_ref_1_3,4.1,"4,6",-2,0.8527969070092956
sample_2_ref_1_3,4.1,"5,6",-2,0.8233799842240621
sample_2_ref_1_3,4.2,"1,2",-2,0.4654989559008125
sample_2_ref_1_3,4.2,"1,3",-2,0.38532817766840566
sample_2_ref_1_3,4.2,"1,4",-2,0.5363747573341306
sample_2_ref_1_3,4.2,"1,5",-2,0.5332604534517406
sample_2_ref_1_3,4.2,"1,6",-2,0.4866451159069696
sample_2_ref_1_3,4.2,"2,3",-2,0.5145270992014037
sample_2_ref_1_3,4.2,"2,4",-2,0.7418041143632383
sample_2_ref_1_3,4.2,"2,5",-2,0.7525139061304023
sample_2_ref_1_3,4.2,"2,6",-2,0.6781255769428609
sample_2_ref_1_3,4.2,"3,4",-2,0.6444731075685488
sample_2_ref_1_3,4.2,"3,5",-2,0.6910240963632902
sample_2_ref_1_3,4.2,"3,6",-2,0.6812764623135397
sample_2_ref_1_3,4.2,"4,5",-2,0.6310225677957514
sample_2_ref_1_3,4.2,"4,6",-2,0.8814224427760835
sample_2_ref_1_3,4.2,"5,6",-2,0.95552206468328
sample_2_ref_1_3,4.3,"1,2",-2,0.3855021826402335
sample_2_ref_1_3,4.3,"1,3",-2,0.37562641571926414
sample_2_ref_1_3,4.3,"1,4",-2,0.5051530969557443
sample_2_ref_1_3,4.3,"1,5",-2,0.4751653522688983
sample_2_ref_1_3,4.3,"1,6",-2,0.5143115563864479
sample_2_ref_1_3,4.3,"2,3",-2,0.4002895812233503
sample_2_ref_1_3,4.3,"2,4",-2,0.6065095212847625
sample_2_ref_1_3,4.3,"2,5",-2,0.5980805035082505
sample_2_ref_1_3,4.3,"2,6",-2,0.6397527010966261
sample_2_ref_1_3,4.3,"3,4",-2,0.574867783092693
sample_2_ref_1_3,4.3,"3,5",-2,0.6014133168353915
sample_2_ref_1_3,4.3,"3,6",-2,0.5569282985893488
sample_2_ref_1_3,4.3,"4,5",-2,0.6956883884289006
sample_2_ref_1_3,4.3,"4,6",-2,0.6903818621137533
sample_2_ref_1_3,4.3,"5,6",-2,0.7484782334176787
sample_2_ref_1_3,4.4,"1,2",-2,0.34060266137379874
sample_2_ref_1_3,4.4,"1,3",-2,0.31671006121445133
sample_2_ref_1_3,4.4,"1,4",-2,0.4800120876637441
sample_2_ref_1_3,4.4,"1,5",-2,0.5050973025470264
sample_2_ref_1_3,4.4,"1,6",-2,0.5223406880441446
sample_2_ref_1_3,4.4,"2,3",-2,0.4674274955264013
sample_2_ref_1_3,4.4,"2,4",-2,0.6209359461543397
sample_2_ref_1_3,4.4,"2,5",-2,0.7250146449158666
sample_2_ref_1_3,4.4,"2,6",-2,0.6470462916438332
sample_2_ref_1_3,4.4,"3,4",-2,0.6010142149376663
sample_2_ref_1_3,4.4,"3,5",-2,0.6783671939200929
sample_2_ref_1_3,4.4,"3,6",-2,0.5916383055568061
sample_2_ref_1_3,4.4,"4,5",-2,0.7985054017766324
sample_2_ref_1_3,4.4,"4,6",-2,0.697526822412867
sample_2_ref_1_3,4.4,"5,6",-2,0.8379372495566894
sample_2_ref_1_3,4.5,"1,2",-2,0.37558615785480876
sample_2_ref_1_3,4.5,"1,3",-2,0.6122424462470966
sample_2_ref_1_3,4.5,"1,4",-2,0.4891547602437978
sample_2_ref_1_3,4.5,"1,5",-2,0.4269693147179827
sample_2_ref_1_3,4.5,"1,6",-2,0.46622212777135813
sample_2_ref_1_3,4.5,"2,3",-2,0.9218459218193468
sample_2_ref_1_3,4.5,"2,4",-2,0.5942026702328089
sample_2_ref_1_3,4.5,"2,5",-2,0.5638062140792091
sample_2_ref_1_3,4.5,"2,6",-2,0.699207838216298
sample_2_ref_1_3,4.5,"3,4",-2,0.7161443493860051
sample_2_ref_1_3,4.5,"3,5",-2,0.8126729325131451
sample_2_ref_1_3,4.5,"3,6",-2,0.743232042875237
sample_2_ref_1_3,4.5,"4,5",-2,0.7733193285606006
sample_2_ref_1_3,4.5,"4,6",-2,0.6773725104133497
sample_2_ref_1_3,4.5,"5,6",-2,0.7820678497778379
sample_2_ref_1_3,4.6,"1,2",-2,0.47426169897815845
sample_2_ref_1_3,4.6,"1,3",-2,0.44048596525265227
sample_2_ref_1_3,4.6,"1,4",-2,0.461482367983309
sample_2_ref_1_3,4.6,"1,5",-2,0.5113998249266478
sample_2_ref_1_3,4.6,"1,6",-2,0.5223054558039217
sample_2_ref_1_3,4.6,"2,3",-2,0.4844741428629496
sample_2_ref_1_3,4.6,"2,4",-2,0.7997481207418196
sample_2_ref_1_3,4.6,"2,5",-2,0.7713030712568527
sample_2_ref_1_3,4.6,"2,6",-2,0.8432054359066403
sample_2_ref_1_3,4.6,"3,4",-2,0.6391478729395407
sample_2_ref_1_3,4.6,"3,5",-2,0.7545678921187954
sample_2_ref_1_3,4.6,"3,6",-2,0.7280747602577978
sample_2_ref_1_3,4.6,"4,5",-2,0.7657926828173987
sample_2_ref_1_3,4.6,"4,6",-2,0.7342740086736992
sample_2_ref_1_3,4.6,"5,6",-2,0.8609367240604939
sample_2_ref_1_3,4.7,"1,2",-2,0.2881735079444771
sample_2_ref_1_3,4.7,"1,3",-2,0.31742116464046366
sample_2_ref_1_3,4.7,"1,4",-2,0.47943545258745623
sample_2_ref_1_3,4.7,"1,5",-2,0.4379807997313194
sample_2_ref_1_3,4.7,"1,6",-2,0.43550186405867947
sample_2_ref_1_3,4.7,"2,3",-2,0.5480558023451405
sample_2_ref_1_3,4.7,"2,4",-2,0.7353525916472557
sample_2_ref_1_3,4.7,"2,5",-2,0.6991784829597909
sample_2_ref_1_3,4.7,"2,6",-2,0.7542498417366263
sample_2_ref_1_3,4.7,"3,4",-2,0.593738113777865
sample_2_ref_1_3,4.7,"3,5",-2,0.5431804928497183
sample_2_ref_1_3,4.7,"3,6",-2,0.5532932678867843
sample_2_ref_1_3,4.7,"4,5",-2,0.8021736593915155
sample_2_ref_1_3,4.7,"4,6",-2,0.8797741499536894
sample_2_ref_1_3,4.7,"5,6",-2,0.8083264132313561
sample_2_ref_1_3,4.8,"1,2",-2,0.32214184207781843
sample_2_ref_1_3,4.8,"1,3",-2,0.3522063483277925
sample_2_ref_1_3,4.8,"1,4",-2,0.4578548781330213
sample_2_ref_1_3,4.8,"1,5",-2,0.43515621887430433
sample_2_ref_1_3,4.8,"1,6",-2,0.3900712994887386
sample_2_ref_1_3,4.8,"2,3",-2,0.571201284148818
sample_2_ref_1_3,4.8,"2,4",-2,0.6311055844260147
sample_2_ref_1_3,4.8,"2,5",-2,0.6367928047293097
sample_2_ref_1_3,4.8,"2,6",-2,0.7118121135929989
sample_2_ref_1_3,4.8,"3,4",-2,0.5494412475614804
sample_2_ref_1_3,4.8,"3,5",-2,0.5449525635266155
sample_2_ref_1_3,4.8,"3,6",-2,0.6002074122762023
sample_2_ref_1_3,4.8,"4,5",-2,0.7444211119290818
sample_2_ref_1_3,4.8,"4,6",-2,0.8179986026954604
sample_2_ref_1_3,4.8,"5,6",-2,0.7186864318130246
sample_2_ref_1_3,4.9,"1,2",-2,0.4097729143198601
sample_2_ref_1_3,4.9,"1,3",-2,0.3573373224766935
sample_2_ref_1_3,4.9,"1,4",-2,0.4401310112322254
sample_2_ref_1_3,4.9,"1,5",-2,0.5240161487165585
sample_2_ref_1_3,4.9,"1,6",-2,0.5190537774354871
sample_2_ref_1_3,4.9,"2,3",-2,0.47026436584552406
sample_2_ref_1_3,4.9,"2,4",-2,0.5882647588822323
sample_2_ref_1_3,4.9,"2,5",-2,0.6764546237986443
sample_2_ref_1_3,4.9,"2,6",-2,0.577198951960225
sample_2_ref_1_3,4.9,"3,4",-2,0.5627975439824836
sample_2_ref_1_3,4.9,"3,5",-2,0.5860882635495993
sample_2_ref_1_3,4.9,"3,6",-2,0.5497367889433051
sample_2_ref_1_3,4.9,"4,5",-2,0.8135497151099018
sample_2_ref_1_3,4.9,"4,6",-2,0.7640154141923249
sample_2_ref_1_3,4.9,"5,6",-2,0.8849214155899745
sample_2_ref_1_3,5.0,"1,2",-2,0.4511974398842865
sample_2_ref_1_3,5.0,"1,3",-2,0.4566748461278061
sample_2_ref_1_3,5.0,"1,4",-2,0.5570573373297312
sample_2_ref_1_3,5.0,"1,5",-2,0.5320595097589386
sample_2_ref_1_3,5.0,"1,6",-2,0.5525669230089135
sample_2_ref_1_3,5.0,"2,3",-2,0.5049183817439941
sample_2_ref_1_3,5.0,"2,4",-2,0.7672930378888287
sample_2_ref_1_3,5.0,"2,5",-2,0.7072609732978298
sample_2_ref_1_3,5.0,"2,6",-2,0.7710358569766861
sample_2_ref_1_3,5.0,"3,4",-2,0.621579325953076
sample_2_ref_1_3,5.0,"3,5",-2,0.680502273337249
sample_2_ref_1_3,5.0,"3,6",-2,0.665363340023591
sample_2_ref_1_3,5.0,"4,5",-2,0.8120080573458386
sample_2_ref_1_3,5.0,"4,6",-2,0.9243595798149042
sample_2_ref_1_3,5.0,"5,6",-2,0.9026834542279187
sample_2_ref_1_3,0.1,"1,2",-3,0.24539096983292383
sample_2_ref_1_3,0.1,"1,3",-3,0.26295013365567205
sample_2_ref_1_3,0.1,"1,4",-3,0.3304754475176553
sample_2_ref_1_3,0.1,"1,5",-3,0.42006452226007884
sample_2_ref_1_3,0.1,"1,6",-3,0.3717648682390774
sample_2_ref_1_3,0.1,"2,3",-3,0.3139193754087941
sample_2_ref_1_3,0.1,"2,4",-3,0.36905114395205035
sample_2_ref_1_3,0.1,"2,5",-3,0.3748864929839627
sample_2_ref_1_3,0.1,"2,6",-3,0.3464153786038956
sample_2_ref_1_3,0.1,"3,4",-3,0.4971314236437554
sample_2_ref_1_3,0.1,"3,5",-3,0.4807937798762388
sample_2_ref_1_3,0.1,"3,6",-3,0.39318390585787144
sample_2_ref_1_3,0.1,"4,5",-3,0.3118318143249223
sample_2_ref_1_3,0.1,"4,6",-3,0.44300885927106465
sample_2_ref_1_3,0.1,"5,6",-3,0.5437373392037665
sample_2_ref_1_3,0.2,"1,2",-3,0.702300501530026
sample_2_ref_1_3,0.2,"1,3",-3,0.34806616035294347
sample_2_ref_1_3,0.2,"1,4",-3,0.32103819180698867
sample_2_ref_1_3,0.2,"1,5",-3,0.42552743442167196
sample_2_ref_1_3,0.2,"1,6",-3,0.40917674201294113
sample_2_ref_1_3,0.2,"2,3",-3,0.838419011599989
sample_2_ref_1_3,0.2,"2,4",-3,0.7513810423321153
sample_2_ref_1_3,0.2,"2,5",-3,0.6595874896168363
sample_2_ref_1_3,0.2,"2,6",-3,0.6655490369026162
sample_2_ref_1_3,0.2,"3,4",-3,0.4490785394489217
sample_2_ref_1_3,0.2,"3,5",-3,0.5319785629182785
sample_2_ref_1_3,0.2,"3,6",-3,0.5170568093684453
sample_2_ref_1_3,0.2,"4,5",-3,0.35487298202436884
sample_2_ref_1_3,0.2,"4,6",-3,0.5765026318546673
sample_2_ref_1_3,0.2,"5,6",-3,0.5714788085235154
sample_2_ref_1_3,0.3,"1,2",-3,0.6778390022037819
sample_2_ref_1_3,0.3,"1,3",-3,0.3438471556153362
sample_2_ref_1_3,0.3,"1,4",-3,0.30602914343122567
sample_2_ref_1_3,0.3,"1,5",-3,0.34527456249678173
sample_2_ref_1_3,0.3,"1,6",-3,0.46465250818130643
sample_2_ref_1_3,0.3,"2,3",-3,0.9735290509621735
sample_2_ref_1_3,0.3,"2,4",-3,0.772209874511156
sample_2_ref_1_3,0.3,"2,5",-3,0.7076908306066153
sample_2_ref_1_3,0.3,"2,6",-3,0.554579533555819
sample_2_ref_1_3,0.3,"3,4",-3,0.4655537290039508
sample_2_ref_1_3,0.3,"3,5",-3,0.47715852934899194
sample_2_ref_1_3,0.3,"3,6",-3,0.6908649718153264
sample_2_ref_1_3,0.3,"4,5",-3,0.3344818284076675
sample_2_ref_1_3,0.3,"4,6",-3,0.7772784607608714
sample_2_ref_1_3,0.3,"5,6",-3,0.8313636678294456
sample_2_ref_1_3,0.4,"1,2",-3,0.36136472631833483
sample_2_ref_1_3,0.4,"1,3",-3,0.3284787468253916
sample_2_ref_1_3,0.4,"1,4",-3,0.36198704446743996
sample_2_ref_1_3,0.4,"1,5",-3,0.37334777651015866
sample_2_ref_1_3,0.4,"1,6",-3,0.4208832947501628
sample_2_ref_1_3,0.4,"2,3",-3,0.34808021114371
sample_2_ref_1_3,0.4,"2,4",-3,0.5510789087881747
sample_2_ref_1_3,0.4,"2,5",-3,0.47415317807041923
sample_2_ref_1_3,0.4,"2,6",-3,0.6263363627382968
sample_2_ref_1_3,0.4,"3,4",-3,0.49729912156342965
sample_2_ref_1_3,0.4,"3,5",-3,0.6090063672447739
sample_2_ref_1_3,0.4,"3,6",-3,0.7147254293741846
sample_2_ref_1_3,0.4,"4,5",-3,0.4031919042899744
sample_2_ref_1_3,0.4,"4,6",-3,0.9163656665615513
sample_2_ref_1_3,0.4,"5,6",-3,0.9017023335067662
sample_2_ref_1_3,0.5,"1,2",-3,0.6006584310292193
sample_2_ref_1_3,0.5,"1,3",-3,0.3816991528831534
sample_2_ref_1_3,0.5,"1,4",-3,0.34968682677029583
sample_2_ref_1_3,0.5,"1,5",-3,0.2960365922329597
sample_2_ref_1_3,0.5,"1,6",-3,0.43445122677474984
sample_2_ref_1_3,0.5,"2,3",-3,0.9411247012681145
sample_2_ref_1_3,0.5,"2,4",-3,0.9364268023106441
sample_2_ref_1_3,0.5,"2,5",-3,0.8244461993661059
sample_2_ref_1_3,0.5,"2,6",-3,0.7579925049829908
sample_2_ref_1_3,0.5,"3,4",-3,0.6000192371720239
sample_2_ref_1_3,0.5,"3,5",-3,0.6532358632152494
sample_2_ref_1_3,0.5,"3,6",-3,0.8401423999641485
sample_2_ref_1_3,0.5,"4,5",-3,0.4097804896967379
sample_2_ref_1_3,0.5,"4,6",-3,0.7793871726609644
sample_2_ref_1_3,0.5,"5,6",-3,0.7732390859411541
sample_2_ref_1_3,0.6,"1,2",-3,0.4808160948071848
sample_2_ref_1_3,0.6,"1,3",-3,0.4372270056223189
sample_2_ref_1_3,0.6,"1,4",-3,0.3507196740210574
sample_2_ref_1_3,0.6,"1,5",-3,0.36546670814101057
sample_2_ref_1_3,0.6,"1,6",-3,0.3956798759451642
sample_2_ref_1_3,0.6,"2,3",-3,0.41214924283206233
sample_2_ref_1_3,0.6,"2,4",-3,0.7752100755593033
sample_2_ref_1_3,0.6,"2,5",-3,0.7751661716965544
sample_2_ref_1_3,0.6,"2,6",-3,0.7456163193810031
sample_2_ref_1_3,0.6,"3,4",-3,0.7883849390166566
sample_2_ref_1_3,0.6,"3,5",-3,0.7279385645819927
sample_2_ref_1_3,0.6,"3,6",-3,0.7922620198499127
sample_2_ref_1_3,0.6,"4,5",-3,0.46273672349573736
sample_2_ref_1_3,0.6,"4,6",-3,0.6002036285087726
sample_2_ref_1_3,0.6,"5,6",-3,0.7482157364491119
sample_2_ref_1_3,0.7,"1,2",-3,0.45754997116184054
sample_2_ref_1_3,0.7,"1,3",-3,0.4465618160874617
sample_2_ref_1_3,0.7,"1,4",-3,0.38575119745070424
sample_2_ref_1_3,0.7,"1,5",-3,0.4973283331067088
sample_2_ref_1_3,0.7,"1,6",-3,0.4347049639903967
sample_2_ref_1_3,0.7,"2,3",-3,0.48648493831137657
sample_2_ref_1_3,0.7,"2,4",-3,0.718944395333501
sample_2_ref_1_3,0.7,"2,5",-3,0.7924822158815926
sample_2_ref_1_3,0.7,"2,6",-3,0.7335895207850581
sample_2_ref_1_3,0.7,"3,4",-3,0.709233149875374
sample_2_ref_1_3,0.7,"3,5",-3,0.94357835507605
sample_2_ref_1_3,0.7,"3,6",-3,0.7268139527359025
sample_2_ref_1_3,0.7,"4,5",-3,0.8902583084607996
sample_2_ref_1_3,0.7,"4,6",-3,0.5037117064921744
sample_2_ref_1_3,0.7,"5,6",-3,0.887334769649803
sample_2_ref_1_3,0.8,"1,2",-3,0.48296427469540704
sample_2_ref_1_3,0.8,"1,3",-3,0.4641758414460933
sample_2_ref_1_3,0.8,"1,4",-3,0.3815734149684262
sample_2_ref_1_3,0.8,"1,5",-3,0.49383605127708835
sample_2_ref_1_3,0.8,"1,6",-3,0.4444723563579792
sample_2_ref_1_3,0.8,"2,3",-3,0.43506164548945647
sample_2_ref_1_3,0.8,"2,4",-3,0.7984589637995994
sample_2_ref_1_3,0.8,"2,5",-3,0.9057993650895813
sample_2_ref_1_3,0.8,"2,6",-3,0.85676351465942
sample_2_ref_1_3,0.8,"3,4",-3,0.676169269216881
sample_2_ref_1_3,0.8,"3,5",-3,0.9066951675504241
sample_2_ref_1_3,0.8,"3,6",-3,0.8356101184381781
sample_2_ref_1_3,0.8,"4,5",-3,0.8347503122293214
sample_2_ref_1_3,0.8,"4,6",-3,0.5536678539947462
sample_2_ref_1_3,0.8,"5,6",-3,0.8378371685675851
sample_2_ref_1_3,0.9,"1,2",-3,0.6003884798550594
sample_2_ref_1_3,0.9,"1,3",-3,0.4331035634243182
sample_2_ref_1_3,0.9,"1,4",-3,0.4212461574025841
sample_2_ref_1_3,0.9,"1,5",-3,0.4436045470937444
sample_2_ref_1_3,0.9,"1,6",-3,0.49705924486820136
sample_2_ref_1_3,0.9,"2,3",-3,0.8837545710479445
sample_2_ref_1_3,0.9,"2,4",-3,0.9040787377326233
sample_2_ref_1_3,0.9,"2,5",-3,0.8556365060376072
sample_2_ref_1_3,0.9,"2,6",-3,0.7512068220493947
sample_2_ref_1_3,0.9,"3,4",-3,0.7124392510357296
sample_2_ref_1_3,0.9,"3,5",-3,0.7368138698734549
sample_2_ref_1_3,0.9,"3,6",-3,0.8072163537125534
sample_2_ref_1_3,0.9,"4,5",-3,0.5222682517278593
sample_2_ref_1_3,0.9,"4,6",-3,0.9203393265995125
sample_2_ref_1_3,0.9,"5,6",-3,0.860667013180697
sample_2_ref_1_3,1.0,"1,2",-3,0.4037838328169553
sample_2_ref_1_3,1.0,"1,3",-3,0.4205628447789064
sample_2_ref_1_3,1.0,"1,4",-3,0.5488645799415817
sample_2_ref_1_3,1.0,"1,5",-3,0.4463567651345995
sample_2_ref_1_3,1.0,"1,6",-3,0.4497139528701611
sample_2_ref_1_3,1.0,"2,3",-3,0.5060826251080488
sample_2_ref_1_3,1.0,"2,4",-3,0.8330096839103961
sample_2_ref_1_3,1.0,"2,5",-3,0.6454615565887337
sample_2_ref_1_3,1.0,"2,6",-3,0.6959965451501168
sample_2_ref_1_3,1.0,"3,4",-3,0.8405561525543325
sample_2_ref_1_3,1.0,"3,5",-3,0.6015557539856123
sample_2_ref_1_3,1.0,"3,6",-3,0.8731407090631746
sample_2_ref_1_3,1.0,"4,5",-3,0.9129523047588145
sample_2_ref_1_3,1.0,"4,6",-3,0.8099490585577866
sample_2_ref_1_3,1.0,"5,6",-3,0.7505606216989743
sample_2_ref_1_3,1.1,"1,2",-3,0.35812850613667807
sample_2_ref_1_3,1.1,"1,3",-3,0.4147896942962349
sample_2_ref_1_3,1.1,"1,4",-3,0.44139441045182465
sample_2_ref_1_3,1.1,"1,5",-3,0.4796794537941479
sample_2_ref_1_3,1.1,"1,6",-3,0.5220987570908544
sample_2_ref_1_3,1.1,"2,3",-3,0.4598808394361617
sample_2_ref_1_3,1.1,"2,4",-3,0.6608332218784139
sample_2_ref_1_3,1.1,"2,5",-3,0.6335479030136162
sample_2_ref_1_3,1.1,"2,6",-3,0.6892969432428987
sample_2_ref_1_3,1.1,"3,4",-3,0.6115516018500184
sample_2_ref_1_3,1.1,"3,5",-3,0.6576749883000363
sample_2_ref_1_3,1.1,"3,6",-3,0.7051053304425828
sample_2_ref_1_3,1.1,"4,5",-3,0.5455456839485836
sample_2_ref_1_3,1.1,"4,6",-3,0.8036849634806814
sample_2_ref_1_3,1.1,"5,6",-3,0.6845904047933192
sample_2_ref_1_3,1.2,"1,2",-3,0.3531585028675355
sample_2_ref_1_3,1.2,"1,3",-3,0.35804272793395403
sample_2_ref_1_3,1.2,"1,4",-3,0.48589320671907993
sample_2_ref_1_3,1.2,"1,5",-3,0.3436907909895434
sample_2_ref_1_3,1.2,"1,6",-3,0.4166766201711081
sample_2_ref_1_3,1.2,"2,3",-3,0.4192018847502626
sample_2_ref_1_3,1.2,"2,4",-3,0.7127509540265583
sample_2_ref_1_3,1.2,"2,5",-3,0.5026952909923668
sample_2_ref_1_3,1.2,"2,6",-3,0.5490613131697547
sample_2_ref_1_3,1.2,"3,4",-3,0.7814416381434355
sample_2_ref_1_3,1.2,"3,5",-3,0.45449503837070465
sample_2_ref_1_3,1.2,"3,6",-3,0.5014777203900548
sample_2_ref_1_3,1.2,"4,5",-3,0.8913633419509691
sample_2_ref_1_3,1.2,"4,6",-3,0.8682160462757749
sample_2_ref_1_3,1.2,"5,6",-3,0.5505184329374908
sample_2_ref_1_3,1.3,"1,2",-3,0.5241078684281105
sample_2_ref_1_3,1.3,"1,3",-3,0.45590414696098513
sample_2_ref_1_3,1.3,"1,4",-3,0.41065573381557013
sample_2_ref_1_3,1.3,"1,5",-3,0.4431204188327167
sample_2_ref_1_3,1.3,"1,6",-3,0.4043631759624662
sample_2_ref_1_3,1.3,"2,3",-3,0.5283824330853792
sample_2_ref_1_3,1.3,"2,4",-3,0.8693675939155603
sample_2_ref_1_3,1.3,"2,5",-3,0.8824716732064932
sample_2_ref_1_3,1.3,"2,6",-3,0.8782732805249851
sample_2_ref_1_3,1.3,"3,4",-3,0.8271865776324425
sample_2_ref_1_3,1.3,"3,5",-3,0.8630254658469798
sample_2_ref_1_3,1.3,"3,6",-3,0.8909473050035879
sample_2_ref_1_3,1.3,"4,5",-3,0.8440757632378408
sample_2_ref_1_3,1.3,"4,6",-3,0.7426628829710581
sample_2_ref_1_3,1.3,"5,6",-3,0.8866313977410482
sample_2_ref_1_3,1.4,"1,2",-3,0.3873241088322173
sample_2_ref_1_3,1.4,"1,3",-3,0.4161803811553999
sample_2_ref_1_3,1.4,"1,4",-3,0.5117798617000087
sample_2_ref_1_3,1.4,"1,5",-3,0.47734685038641345
sample_2_ref_1_3,1.4,"1,6",-3,0.46328905606919485
sample_2_ref_1_3,1.4,"2,3",-3,0.4487448737684408
sample_2_ref_1_3,1.4,"2,4",-3,0.6851230633218803
sample_2_ref_1_3,1.4,"2,5",-3,0.6912656427159353
sample_2_ref_1_3,1.4,"2,6",-3,0.6806654916108209
sample_2_ref_1_3,1.4,"3,4",-3,0.7637924930294402
sample_2_ref_1_3,1.4,"3,5",-3,0.8170706162940026
sample_2_ref_1_3,1.4,"3,6",-3,0.7418732815927329
sample_2_ref_1_3,1.4,"4,5",-3,0.6236246572590548
sample_2_ref_1_3,1.4,"4,6",-3,0.9010096118928992
sample_2_ref_1_3,1.4,"5,6",-3,0.8431755540458532
sample_2_ref_1_3,1.5,"1,2",-3,0.334610391837026
sample_2_ref_1_3,1.5,"1,3",-3,0.3852503591922314
sample_2_ref_1_3,1.5,"1,4",-3,0.4441482924188471
sample_2_ref_1_3,1.5,"1,5",-3,0.4851505344476799
sample_2_ref_1_3,1.5,"1,6",-3,0.49965980843566765
sample_2_ref_1_3,1.5,"2,3",-3,0.47081544972209616
sample_2_ref_1_3,1.5,"2,4",-3,0.5939251162186764
sample_2_ref_1_3,1.5,"2,5",-3,0.6393284649933328
sample_2_ref_1_3,1.5,"2,6",-3,0.5989408318457438
sample_2_ref_1_3,1.5,"3,4",-3,0.5148164861680898
sample_2_ref_1_3,1.5,"3,5",-3,0.7020194960831312
sample_2_ref_1_3,1.5,"3,6",-3,0.4987256134299293
sample_2_ref_1_3,1.5,"4,5",-3,0.8750511076531808
sample_2_ref_1_3,1.5,"4,6",-3,0.6904330379292009
sample_2_ref_1_3,1.5,"5,6",-3,0.8961179657281005
sample_2_ref_1_3,1.6,"1,2",-3,0.43832975641949834
sample_2_ref_1_3,1.6,"1,3",-3,0.444608615675368
sample_2_ref_1_3,1.6,"1,4",-3,0.4014924506431327
sample_2_ref_1_3,1.6,"1,5",-3,0.39923314151320843
sample_2_ref_1_3,1.6,"1,6",-3,0.49098444485549225
sample_2_ref_1_3,1.6,"2,3",-3,0.4364986215849861
sample_2_ref_1_3,1.6,"2,4",-3,0.7706695235676245
sample_2_ref_1_3,1.6,"2,5",-3,0.7665233625797038
sample_2_ref_1_3,1.6,"2,6",-3,0.8459005388793213
sample_2_ref_1_3,1.6,"3,4",-3,0.6555553763603154
sample_2_ref_1_3,1.6,"3,5",-3,0.6180731432930088
sample_2_ref_1_3,1.6,"3,6",-3,0.8353056477601116
sample_2_ref_1_3,1.6,"4,5",-3,0.5098260137665593
sample_2_ref_1_3,1.6,"4,6",-3,0.711015021575629
sample_2_ref_1_3,1.6,"5,6",-3,0.7610153885516852
sample_2_ref_1_3,1.7,"1,2",-3,0.35169216866043335
sample_2_ref_1_3,1.7,"1,3",-3,0.3630239942438519
sample_2_ref_1_3,1.7,"1,4",-3,0.392626693512837
sample_2_ref_1_3,1.7,"1,5",-3,0.4109025441522166
sample_2_ref_1_3,1.7,"1,6",-3,0.4345957364683491
sample_2_ref_1_3,1.7,"2,3",-3,0.45987741608822674
sample_2_ref_1_3,1.7,"2,4",-3,0.5771295567121829
sample_2_ref_1_3,1.7,"2,5",-3,0.5429177891049058
sample_2_ref_1_3,1.7,"2,6",-3,0.6487944897349736
sample_2_ref_1_3,1.7,"3,4",-3,0.5612567752357234
sample_2_ref_1_3,1.7,"3,5",-3,0.5586658391254972
sample_2_ref_1_3,1.7,"3,6",-3,0.6394514239616558
sample_2_ref_1_3,1.7,"4,5",-3,0.5681351522144005
sample_2_ref_1_3,1.7,"4,6",-3,0.7150792335019419
sample_2_ref_1_3,1.7,"5,6",-3,0.85753571584539
sample_2_ref_1_3,1.8,"1,2",-3,0.43361278023951677
sample_2_ref_1_3,1.8,"1,3",-3,0.48093717458447044
sample_2_ref_1_3,1.8,"1,4",-3,0.4238792777747476
sample_2_ref_1_3,1.8,"1,5",-3,0.4797394075055955
sample_2_ref_1_3,1.8,"1,6",-3,0.4502435492710569
sample_2_ref_1_3,1.8,"2,3",-3,0.4854788025061302
sample_2_ref_1_3,1.8,"2,4",-3,0.7520055654625994
sample_2_ref_1_3,1.8,"2,5",-3,0.7327315765639448
sample_2_ref_1_3,1.8,"2,6",-3,0.7361603910431397
sample_2_ref_1_3,1.8,"3,4",-3,0.7594795199884311
sample_2_ref_1_3,1.8,"3,5",-3,0.8000238187319866
sample_2_ref_1_3,1.8,"3,6",-3,0.7640512412067468
sample_2_ref_1_3,1.8,"4,5",-3,0.5149531157597709
sample_2_ref_1_3,1.8,"4,6",-3,0.7130655675317334
sample_2_ref_1_3,1.8,"5,6",-3,0.7969919289280853
sample_2_ref_1_3,1.9,"1,2",-3,0.33681517401940875
sample_2_ref_1_3,1.9,"1,3",-3,0.428335864909414
sample_2_ref_1_3,1.9,"1,4",-3,0.5264286889698009
sample_2_ref_1_3,1.9,"1,5",-3,0.48186251151592374
sample_2_ref_1_3,1.9,"1,6",-3,0.47855874322090175
sample_2_ref_1_3,1.9,"2,3",-3,0.43203256132238116
sample_2_ref_1_3,1.9,"2,4",-3,0.6344864436555853
sample_2_ref_1_3,1.9,"2,5",-3,0.5597435552101787
sample_2_ref_1_3,1.9,"2,6",-3,0.5848195662015405
sample_2_ref_1_3,1.9,"3,4",-3,0.6921884823602216
sample_2_ref_1_3,1.9,"3,5",-3,0.5530373010502404
sample_2_ref_1_3,1.9,"3,6",-3,0.45975874890801727
sample_2_ref_1_3,1.9,"4,5",-3,0.8665045424908048
sample_2_ref_1_3,1.9,"4,6",-3,0.8911444995757736
sample_2_ref_1_3,1.9,"5,6",-3,0.7012170389505819
sample_2_ref_1_3,2.0,"1,2",-3,0.45768216227772107
sample_2_ref_1_3,2.0,"1,3",-3,0.511938380494084
sample_2_ref_1_3,2.0,"1,4",-3,0.449365523226783
sample_2_ref_1_3,2.0,"1,5",-3,0.44963330385230654
sample_2_ref_1_3,2.0,"1,6",-3,0.47554608664859926
sample_2_ref_1_3,2.0,"2,3",-3,0.8351576732193696
sample_2_ref_1_3,2.0,"2,4",-3,0.7977265722997643
sample_2_ref_1_3,2.0,"2,5",-3,0.8520111639446329
sample_2_ref_1_3,2.0,"2,6",-3,0.8232012894010416
sample_2_ref_1_3,2.0,"3,4",-3,0.908537939879325
sample_2_ref_1_3,2.0,"3,5",-3,0.8850515714265623
sample_2_ref_1_3,2.0,"3,6",-3,0.8798935933767792
sample_2_ref_1_3,2.0,"4,5",-3,0.8223013622195534
sample_2_ref_1_3,2.0,"4,6",-3,0.7578227118289149
sample_2_ref_1_3,2.0,"5,6",-3,0.8603570368005705
sample_2_ref_1_3,2.1,"1,2",-3,0.6190697447515294
sample_2_ref_1_3,2.1,"1,3",-3,0.4059034217746464
sample_2_ref_1_3,2.1,"1,4",-3,0.5349450892203751
sample_2_ref_1_3,2.1,"1,5",-3,0.4210892200433058
sample_2_ref_1_3,2.1,"1,6",-3,0.4064054153340903
sample_2_ref_1_3,2.1,"2,3",-3,0.9316535557266434
sample_2_ref_1_3,2.1,"2,4",-3,0.6616709352891808
sample_2_ref_1_3,2.1,"2,5",-3,0.7680444005703093
sample_2_ref_1_3,2.1,"2,6",-3,0.7707689497927882
sample_2_ref_1_3,2.1,"3,4",-3,0.7887725557529387
sample_2_ref_1_3,2.1,"3,5",-3,0.5380494568710824
sample_2_ref_1_3,2.1,"3,6",-3,0.5622206287362093
sample_2_ref_1_3,2.1,"4,5",-3,0.9357442972993603
sample_2_ref_1_3,2.1,"4,6",-3,0.8582897801585712
sample_2_ref_1_3,2.1,"5,6",-3,0.7107937814633547
sample_2_ref_1_3,2.2,"1,2",-3,0.5814490873735001
sample_2_ref_1_3,2.2,"1,3",-3,0.5025754100294565
sample_2_ref_1_3,2.2,"1,4",-3,0.478238823245872
sample_2_ref_1_3,2.2,"1,5",-3,0.48404207384906917
sample_2_ref_1_3,2.2,"1,6",-3,0.4796998403068453
sample_2_ref_1_3,2.2,"2,3",-3,0.8855191585024642
sample_2_ref_1_3,2.2,"2,4",-3,0.7733390117356734
sample_2_ref_1_3,2.2,"2,5",-3,0.9201234657036902
sample_2_ref_1_3,2.2,"2,6",-3,0.8715154924203687
sample_2_ref_1_3,2.2,"3,4",-3,0.7275640314218376
sample_2_ref_1_3,2.2,"3,5",-3,0.7319111101991547
sample_2_ref_1_3,2.2,"3,6",-3,0.7129048894693024
sample_2_ref_1_3,2.2,"4,5",-3,0.590857567954012
sample_2_ref_1_3,2.2,"4,6",-3,0.7551604058400874
sample_2_ref_1_3,2.2,"5,6",-3,0.7754563161528832
sample_2_ref_1_3,2.3,"1,2",-3,0.4290989940690122
sample_2_ref_1_3,2.3,"1,3",-3,0.4527169556092641
sample_2_ref_1_3,2.3,"1,4",-3,0.4056128994458457
sample_2_ref_1_3,2.3,"1,5",-3,0.442625337406749
sample_2_ref_1_3,2.3,"1,6",-3,0.48977464694621153
sample_2_ref_1_3,2.3,"2,3",-3,0.4409073284343094
sample_2_ref_1_3,2.3,"2,4",-3,0.7694281678439684
sample_2_ref_1_3,2.3,"2,5",-3,0.7587981772950315
sample_2_ref_1_3,2.3,"2,6",-3,0.8612292321582221
sample_2_ref_1_3,2.3,"3,4",-3,0.7373798322089037
sample_2_ref_1_3,2.3,"3,5",-3,0.671605850798432
sample_2_ref_1_3,2.3,"3,6",-3,0.8469922656788701
sample_2_ref_1_3,2.3,"4,5",-3,0.5550238033755555
sample_2_ref_1_3,2.3,"4,6",-3,0.8345104472425434
sample_2_ref_1_3,2.3,"5,6",-3,0.9063965423416481
sample_2_ref_1_3,2.4,"1,2",-3,0.32383434310026027
sample_2_ref_1_3,2.4,"1,3",-3,0.37087329684997933
sample_2_ref_1_3,2.4,"1,4",-3,0.40532251142370723
sample_2_ref_1_3,2.4,"1,5",-3,0.43739945892302656
sample_2_ref_1_3,2.4,"1,6",-3,0.4312387613691206
sample_2_ref_1_3,2.4,"2,3",-3,0.4827048752316871
sample_2_ref_1_3,2.4,"2,4",-3,0.5060672656559713
sample_2_ref_1_3,2.4,"2,5",-3,0.5071757507472062
sample_2_ref_1_3,2.4,"2,6",-3,0.518631352768727
sample_2_ref_1_3,2.4,"3,4",-3,0.4705990252973974
sample_2_ref_1_3,2.4,"3,5",-3,0.5587583187875815
sample_2_ref_1_3,2.4,"3,6",-3,0.4907818966403393
sample_2_ref_1_3,2.4,"4,5",-3,0.5639203463670285
sample_2_ref_1_3,2.4,"4,6",-3,0.598558400957473
sample_2_ref_1_3,2.4,"5,6",-3,0.6518669366279743
sample_2_ref_1_3,2.5,"1,2",-3,0.407267713838519
sample_2_ref_1_3,2.5,"1,3",-3,0.43296912454869896
sample_2_ref_1_3,2.5,"1,4",-3,0.5249222986606473
sample_2_ref_1_3,2.5,"1,5",-3,0.471998125120313
sample_2_ref_1_3,2.5,"1,6",-3,0.44675904747950257
sample_2_ref_1_3,2.5,"2,3",-3,0.5094854471611255
sample_2_ref_1_3,2.5,"2,4",-3,0.7436317955351468
sample_2_ref_1_3,2.5,"2,5",-3,0.7599437080618887
sample_2_ref_1_3,2.5,"2,6",-3,0.8046771690873336
sample_2_ref_1_3,2.5,"3,4",-3,0.807918401897275
sample_2_ref_1_3,2.5,"3,5",-3,0.6314369021603812
sample_2_ref_1_3,2.5,"3,6",-3,0.6745316762362755
sample_2_ref_1_3,2.5,"4,5",-3,0.8663092859367378
sample_2_ref_1_3,2.5,"4,6",-3,0.8270502144000814
sample_2_ref_1_3,2.5,"5,6",-3,0.7169163495867205
sample_2_ref_1_3,2.6,"1,2",-3,0.442128084293846
sample_2_ref_1_3,2.6,"1,3",-3,0.46799955963434503
sample_2_ref_1_3,2.6,"1,4",-3,0.5432685095319213
sample_2_ref_1_3,2.6,"1,5",-3,0.47842818350937916
sample_2_ref_1_3,2.6,"1,6",-3,0.43323761973105057
sample_2_ref_1_3,2.6,"2,3",-3,0.41681709553325347
sample_2_ref_1_3,2.6,"2,4",-3,0.7426226558016417
sample_2_ref_1_3,2.6,"2,5",-3,0.8360509567535922
sample_2_ref_1_3,2.6,"2,6",-3,0.6952899560216425
sample_2_ref_1_3,2.6,"3,4",-3,0.8507144193846087
sample_2_ref_1_3,2.6,"3,5",-3,0.7722892387831206
sample_2_ref_1_3,2.6,"3,6",-3,0.631609368427557
sample_2_ref_1_3,2.6,"4,5",-3,0.6710886326390136
sample_2_ref_1_3,2.6,"4,6",-3,0.9925518525114678
sample_2_ref_1_3,2.6,"5,6",-3,0.851974072157747
sample_2_ref_1_3,2.7,"1,2",-3,0.39472380134418783
sample_2_ref_1_3,2.7,"1,3",-3,0.36910177316067505
sample_2_ref_1_3,2.7,"1,4",-3,0.45692461129399536
sample_2_ref_1_3,2.7,"1,5",-3,0.4683290525455366
sample_2_ref_1_3,2.7,"1,6",-3,0.5273089885730251
sample_2_ref_1_3,2.7,"2,3",-3,0.4658602940111997
sample_2_ref_1_3,2.7,"2,4",-3,0.5190282937401126
sample_2_ref_1_3,2.7,"2,5",-3,0.5080650056003904
sample_2_ref_1_3,2.7,"2,6",-3,0.5756152960425046
sample_2_ref_1_3,2.7,"3,4",-3,0.5459876715437497
sample_2_ref_1_3,2.7,"3,5",-3,0.541624029774008
sample_2_ref_1_3,2.7,"3,6",-3,0.6414358361639789
sample_2_ref_1_3,2.7,"4,5",-3,0.5237330699727566
sample_2_ref_1_3,2.7,"4,6",-3,0.7274342539677271
sample_2_ref_1_3,2.7,"5,6",-3,0.6756686126797014
sample_2_ref_1_3,2.8,"1,2",-3,0.35942105078985437
sample_2_ref_1_3,2.8,"1,3",-3,0.4463581746430264
sample_2_ref_1_3,2.8,"1,4",-3,0.4912178805024079
sample_2_ref_1_3,2.8,"1,5",-3,0.47484324401033545
sample_2_ref_1_3,2.8,"1,6",-3,0.4794682031842465
sample_2_ref_1_3,2.8,"2,3",-3,0.5614311908201824
sample_2_ref_1_3,2.8,"2,4",-3,0.6071163660942197
sample_2_ref_1_3,2.8,"2,5",-3,0.6367307017903789
sample_2_ref_1_3,2.8,"2,6",-3,0.6463267551735448
sample_2_ref_1_3,2.8,"3,4",-3,0.5869731850828159
sample_2_ref_1_3,2.8,"3,5",-3,0.6673254611984695
sample_2_ref_1_3,2.8,"3,6",-3,0.5695303648332445
sample_2_ref_1_3,2.8,"4,5",-3,0.8303074656025852
sample_2_ref_1_3,2.8,"4,6",-3,0.8654414536085805
sample_2_ref_1_3,2.8,"5,6",-3,0.8763026388374314
sample_2_ref_1_3,2.9,"1,2",-3,0.34967501576937404
sample_2_ref_1_3,2.9,"1,3",-3,0.39353411281341916
sample_2_ref_1_3,2.9,"1,4",-3,0.5608075452580464
sample_2_ref_1_3,2.9,"1,5",-3,0.492561548525773
sample_2_ref_1_3,2.9,"1,6",-3,0.45964286911396274
sample_2_ref_1_3,2.9,"2,3",-3,0.40895034491642157
sample_2_ref_1_3,2.9,"2,4",-3,0.6842117492469251
sample_2_ref_1_3,2.9,"2,5",-3,0.646547252841567
sample_2_ref_1_3,2.9,"2,6",-3,0.5565404822462962
sample_2_ref_1_3,2.9,"3,4",-3,0.816516983576514
sample_2_ref_1_3,2.9,"3,5",-3,0.6860637007653803
sample_2_ref_1_3,2.9,"3,6",-3,0.5206552965817965
sample_2_ref_1_3,2.9,"4,5",-3,0.7239904036384994
sample_2_ref_1_3,2.9,"4,6",-3,0.8097910428712727
sample_2_ref_1_3,2.9,"5,6",-3,0.816024533055217
sample_2_ref_1_3,3.0,"1,2",-3,0.40301879767086973
sample_2_ref_1_3,3.0,"1,3",-3,0.43734961572876224
sample_2_ref_1_3,3.0,"1,4",-3,0.5149654722392097
sample_2_ref_1_3,3.0,"1,5",-3,0.4240665887487191
sample_2_ref_1_3,3.0,"1,6",-3,0.44779615432372527
sample_2_ref_1_3,3.0,"2,3",-3,0.5599038342505284
sample_2_ref_1_3,3.0,"2,4",-3,0.6524233409413771
sample_2_ref_1_3,3.0,"2,5",-3,0.7977489742858535
sample_2_ref_1_3,3.0,"2,6",-3,0.8050160044723416
sample_2_ref_1_3,3.0,"3,4",-3,0.8200340707785452
sample_2_ref_1_3,3.0,"3,5",-3,0.6620834545783596
sample_2_ref_1_3,3.0,"3,6",-3,0.7704106438325884
sample_2_ref_1_3,3.0,"4,5",-3,0.8504596901479382
sample_2_ref_1_3,3.0,"4,6",-3,0.790391567980314
sample_2_ref_1_3,3.0,"5,6",-3,0.7908597118026928
sample_2_ref_1_3,3.1,"1,2",-3,0.4053515295685227
sample_2_ref_1_3,3.1,"1,3",-3,0.46050393558122377
sample_2_ref_1_3,3.1,"1,4",-3,0.5041469119730831
sample_2_ref_1_3,3.1,"1,5",-3,0.40542994689013273
sample_2_ref_1_3,3.1,"1,6",-3,0.4520926684650677
sample_2_ref_1_3,3.1,"2,3",-3,0.45230262505586516
sample_2_ref_1_3,3.1,"2,4",-3,0.7691696039322584
sample_2_ref_1_3,3.1,"2,5",-3,0.6975422850634971
sample_2_ref_1_3,3.1,"2,6",-3,0.7123630292508324
sample_2_ref_1_3,3.1,"3,4",-3,0.8342701486419992
sample_2_ref_1_3,3.1,"3,5",-3,0.6988160835258908
sample_2_ref_1_3,3.1,"3,6",-3,0.7379367427827623
sample_2_ref_1_3,3.1,"4,5",-3,0.8207443727340858
sample_2_ref_1_3,3.1,"4,6",-3,0.7760344002009366
sample_2_ref_1_3,3.1,"5,6",-3,0.8104607489327235
sample_2_ref_1_3,3.2,"1,2",-3,0.45627369960668934
sample_2_ref_1_3,3.2,"1,3",-3,0.4957496398630756
sample_2_ref_1_3,3.2,"1,4",-3,0.4524958230082617
sample_2_ref_1_3,3.2,"1,5",-3,0.43941304393225733
sample_2_ref_1_3,3.2,"1,6",-3,0.4996866720886852
sample_2_ref_1_3,3.2,"2,3",-3,0.4590390482413242
sample_2_ref_1_3,3.2,"2,4",-3,0.8047286905264187
sample_2_ref_1_3,3.2,"2,5",-3,0.8177923738402104
sample_2_ref_1_3,3.2,"2,6",-3,0.8946777323035833
sample_2_ref_1_3,3.2,"3,4",-3,0.7269526735000513
sample_2_ref_1_3,3.2,"3,5",-3,0.7081876414080455
sample_2_ref_1_3,3.2,"3,6",-3,0.7900420155123692
sample_2_ref_1_3,3.2,"4,5",-3,0.550432903432517
sample_2_ref_1_3,3.2,"4,6",-3,0.7926317712771721
sample_2_ref_1_3,3.2,"5,6",-3,0.6905812661740017
sample_2_ref_1_3,3.3,"1,2",-3,0.49729341204282485
sample_2_ref_1_3,3.3,"1,3",-3,0.5050509405005562
sample_2_ref_1_3,3.3,"1,4",-3,0.5495918409781502
sample_2_ref_1_3,3.3,"1,5",-3,0.44209512578530175
sample_2_ref_1_3,3.3,"1,6",-3,0.4906774107086263
sample_2_ref_1_3,3.3,"2,3",-3,0.9138662862401974
sample_2_ref_1_3,3.3,"2,4",-3,0.7805758638738556
sample_2_ref_1_3,3.3,"2,5",-3,0.8338337035449057
sample_2_ref_1_3,3.3,"2,6",-3,0.8519836835843049
sample_2_ref_1_3,3.3,"3,4",-3,0.8305136965662815
sample_2_ref_1_3,3.3,"3,5",-3,0.8764894971502595
sample_2_ref_1_3,3.3,"3,6",-3,0.8681137334495733
sample_2_ref_1_3,3.3,"4,5",-3,0.9490680794016552
sample_2_ref_1_3,3.3,"4,6",-3,0.6774801624932116
sample_2_ref_1_3,3.3,"5,6",-3,0.743438920830391
sample_2_ref_1_3,3.4,"1,2",-3,0.4135228366519685
sample_2_ref_1_3,3.4,"1,3",-3,0.4365960627210808
sample_2_ref_1_3,3.4,"1,4",-3,0.5433451362053089
sample_2_ref_1_3,3.4,"1,5",-3,0.4659122721858035
sample_2_ref_1_3,3.4,"1,6",-3,0.47192737390229855
sample_2_ref_1_3,3.4,"2,3",-3,0.48634913080001985
sample_2_ref_1_3,3.4,"2,4",-3,0.7957817758641014
sample_2_ref_1_3,3.4,"2,5",-3,0.711920637524703
sample_2_ref_1_3,3.4,"2,6",-3,0.7274615403973138
sample_2_ref_1_3,3.4,"3,4",-3,0.8522724061969993
sample_2_ref_1_3,3.4,"3,5",-3,0.6708046949793075
sample_2_ref_1_3,3.4,"3,6",-3,0.6382200457055319
sample_2_ref_1_3,3.4,"4,5",-3,0.878877105917194
sample_2_ref_1_3,3.4,"4,6",-3,0.7877393286781201
sample_2_ref_1_3,3.4,"5,6",-3,0.7698574723787639
sample_2_ref_1_3,3.5,"1,2",-3,0.4617389375258576
sample_2_ref_1_3,3.5,"1,3",-3,0.4938497089806493
sample_2_ref_1_3,3.5,"1,4",-3,0.5804270885167734
sample_2_ref_1_3,3.5,"1,5",-3,0.4772701731224351
sample_2_ref_1_3,3.5,"1,6",-3,0.47490609608610984
sample_2_ref_1_3,3.5,"2,3",-3,0.45853895371563397
sample_2_ref_1_3,3.5,"2,4",-3,0.7562173634317575
sample_2_ref_1_3,3.5,"2,5",-3,0.7319819667136903
sample_2_ref_1_3,3.5,"2,6",-3,0.833680430561595
sample_2_ref_1_3,3.5,"3,4",-3,0.8798798525972561
sample_2_ref_1_3,3.5,"3,5",-3,0.7702218209772349
sample_2_ref_1_3,3.5,"3,6",-3,0.763254995655807
sample_2_ref_1_3,3.5,"4,5",-3,0.9423954201926241
sample_2_ref_1_3,3.5,"4,6",-3,0.8422227714654406
sample_2_ref_1_3,3.5,"5,6",-3,0.770373828996695
sample_2_ref_1_3,3.6,"1,2",-3,0.5806193912122942
sample_2_ref_1_3,3.6,"1,3",-3,0.4858507739793181
sample_2_ref_1_3,3.6,"1,4",-3,0.5168627159681113
sample_2_ref_1_3,3.6,"1,5",-3,0.4837958302168668
sample_2_ref_1_3,3.6,"1,6",-3,0.46682548821709535
sample_2_ref_1_3,3.6,"2,3",-3,0.9076422560707192
sample_2_ref_1_3,3.6,"2,4",-3,0.8454743192422935
sample_2_ref_1_3,3.6,"2,5",-3,0.8814477198104153
sample_2_ref_1_3,3.6,"2,6",-3,0.8834832392568764
sample_2_ref_1_3,3.6,"3,4",-3,0.8156511934917214
sample_2_ref_1_3,3.6,"3,5",-3,0.744063287478144
sample_2_ref_1_3,3.6,"3,6",-3,0.7812275853298791
sample_2_ref_1_3,3.6,"4,5",-3,0.8636351493784844
sample_2_ref_1_3,3.6,"4,6",-3,0.8537416630034956
sample_2_ref_1_3,3.6,"5,6",-3,0.862574985079256
sample_2_ref_1_3,3.7,"1,2",-3,0.40862153990234834
sample_2_ref_1_3,3.7,"1,3",-3,0.49123014053435654
sample_2_ref_1_3,3.7,"1,4",-3,0.5471049477404645
sample_2_ref_1_3,3.7,"1,5",-3,0.48073002228799333
sample_2_ref_1_3,3.7,"1,6",-3,0.4576382550785118
sample_2_ref_1_3,3.7,"2,3",-3,0.4677821510164583
sample_2_ref_1_3,3.7,"2,4",-3,0.8214701083754292
sample_2_ref_1_3,3.7,"2,5",-3,0.7007402532721023
sample_2_ref_1_3,3.7,"2,6",-3,0.7665571108424427
sample_2_ref_1_3,3.7,"3,4",-3,0.8367415955920287
sample_2_ref_1_3,3.7,"3,5",-3,0.6321319242430277
sample_2_ref_1_3,3.7,"3,6",-3,0.7449933447543305
sample_2_ref_1_3,3.7,"4,5",-3,0.9472800046195801
sample_2_ref_1_3,3.7,"4,6",-3,0.8719971812617334
sample_2_ref_1_3,3.7,"5,6",-3,0.7371436313891454
sample_2_ref_1_3,3.8,"1,2",-3,0.45635636006438723
sample_2_ref_1_3,3.8,"1,3",-3,0.5259182816021393
sample_2_ref_1_3,3.8,"1,4",-3,0.5707727280048747
sample_2_ref_1_3,3.8,"1,5",-3,0.5097710005745675
sample_2_ref_1_3,3.8,"1,6",-3,0.4539796112387779
sample_2_ref_1_3,3.8,"2,3",-3,0.4536843142162056
sample_2_ref_1_3,3.8,"2,4",-3,0.863537040639015
sample_2_ref_1_3,3.8,"2,5",-3,0.7915964303294096
sample_2_ref_1_3,3.8,"2,6",-3,0.8344544986631416
sample_2_ref_1_3,3.8,"3,4",-3,0.825035448644721
sample_2_ref_1_3,3.8,"3,5",-3,0.7028213006527606
sample_2_ref_1_3,3.8,"3,6",-3,0.7749679324698194
sample_2_ref_1_3,3.8,"4,5",-3,0.8929030217321763
sample_2_ref_1_3,3.8,"4,6",-3,0.8161531247542231
sample_2_ref_1_3,3.8,"5,6",-3,0.8276114105068698
sample_2_ref_1_3,3.9,"1,2",-3,0.380061053997591
sample_2_ref_1_3,3.9,"1,3",-3,0.3737025107853303
sample_2_ref_1_3,3.9,"1,4",-3,0.4709682756386204
sample_2_ref_1_3,3.9,"1,5",-3,0.47207915956063623
sample_2_ref_1_3,3.9,"1,6",-3,0.4509525052868573
sample_2_ref_1_3,3.9,"2,3",-3,0.45632499615173877
sample_2_ref_1_3,3.9,"2,4",-3,0.5216015288310358
sample_2_ref_1_3,3.9,"2,5",-3,0.588076772079628
sample_2_ref_1_3,3.9,"2,6",-3,0.5848736609304498
sample_2_ref_1_3,3.9,"3,4",-3,0.5266747455213098
sample_2_ref_1_3,3.9,"3,5",-3,0.5112760440728162
sample_2_ref_1_3,3.9,"3,6",-3,0.5276740610649345
sample_2_ref_1_3,3.9,"4,5",-3,0.6653655486072255
sample_2_ref_1_3,3.9,"4,6",-3,0.6329335699674591
sample_2_ref_1_3,3.9,"5,6",-3,0.7921804263523329
sample_2_ref_1_3,4.0,"1,2",-3,0.451928127924982
sample_2_ref_1_3,4.0,"1,3",-3,0.5219712973882403
sample_2_ref_1_3,4.0,"1,4",-3,0.4977636854852318
sample_2_ref_1_3,4.0,"1,5",-3,0.49838778294771696
sample_2_ref_1_3,4.0,"1,6",-3,0.5289679425003008
sample_2_ref_1_3,4.0,"2,3",-3,0.8810756632231361
sample_2_ref_1_3,4.0,"2,4",-3,0.7579168092553518
sample_2_ref_1_3,4.0,"2,5",-3,0.831872310008427
sample_2_ref_1_3,4.0,"2,6",-3,0.8818475571964812
sample_2_ref_1_3,4.0,"3,4",-3,0.9150393944395995
sample_2_ref_1_3,4.0,"3,5",-3,0.8751436313557239
sample_2_ref_1_3,4.0,"3,6",-3,0.8561819831158688
sample_2_ref_1_3,4.0,"4,5",-3,0.7482984480687972
sample_2_ref_1_3,4.0,"4,6",-3,0.9810415348714493
sample_2_ref_1_3,4.0,"5,6",-3,0.8455705628930478
sample_2_ref_1_3,4.1,"1,2",-3,0.4304171791483918
sample_2_ref_1_3,4.1,"1,3",-3,0.49728830651662
sample_2_ref_1_3,4.1,"1,4",-3,0.45803796846190586
sample_2_ref_1_3,4.1,"1,5",-3,0.5158278217218708
sample_2_ref_1_3,4.1,"1,6",-3,0.5016366643248464
sample_2_ref_1_3,4.1,"2,3",-3,0.5003402801878196
sample_2_ref_1_3,4.1,"2,4",-3,0.8189264247167647
sample_2_ref_1_3,4.1,"2,5",-3,0.8567657146701196
sample_2_ref_1_3,4.1,"2,6",-3,0.7913869460739911
sample_2_ref_1_3,4.1,"3,4",-3,0.7672362599326273
sample_2_ref_1_3,4.1,"3,5",-3,0.8384269969670541
sample_2_ref_1_3,4.1,"3,6",-3,0.8078868898930915
sample_2_ref_1_3,4.1,"4,5",-3,0.8265496273647485
sample_2_ref_1_3,4.1,"4,6",-3,0.8186404838493642
sample_2_ref_1_3,4.1,"5,6",-3,0.8514449826641654
sample_2_ref_1_3,4.2,"1,2",-3,0.45836393600839687
sample_2_ref_1_3,4.2,"1,3",-3,0.4515415098414459
sample_2_ref_1_3,4.2,"1,4",-3,0.4603479361514031
sample_2_ref_1_3,4.2,"1,5",-3,0.4925720875045778
sample_2_ref_1_3,4.2,"1,6",-3,0.4653285619739724
sample_2_ref_1_3,4.2,"2,3",-3,0.4823116723270373
sample_2_ref_1_3,4.2,"2,4",-3,0.7554615294744712
sample_2_ref_1_3,4.2,"2,5",-3,0.8174279837239097
sample_2_ref_1_3,4.2,"2,6",-3,0.8267577291597232
sample_2_ref_1_3,4.2,"3,4",-3,0.6176759334806092
sample_2_ref_1_3,4.2,"3,5",-3,0.7504915951867092
sample_2_ref_1_3,4.2,"3,6",-3,0.6415622996100511
sample_2_ref_1_3,4.2,"4,5",-3,0.7898379070434335
sample_2_ref_1_3,4.2,"4,6",-3,0.68349329974851
sample_2_ref_1_3,4.2,"5,6",-3,0.7933479909186786
sample_2_ref_1_3,4.3,"1,2",-3,0.46224253025297307
sample_2_ref_1_3,4.3,"1,3",-3,0.4860310704713151
sample_2_ref_1_3,4.3,"1,4",-3,0.5957449718035631
sample_2_ref_1_3,4.3,"1,5",-3,0.5624868602062868
sample_2_ref_1_3,4.3,"1,6",-3,0.5558473159088166
sample_2_ref_1_3,4.3,"2,3",-3,0.5257165410855433
sample_2_ref_1_3,4.3,"2,4",-3,0.7539527482968229
sample_2_ref_1_3,4.3,"2,5",-3,0.8500429092085895
sample_2_ref_1_3,4.3,"2,6",-3,0.7975362267380607
sample_2_ref_1_3,4.3,"3,4",-3,0.855088862800254
sample_2_ref_1_3,4.3,"3,5",-3,0.7773573880636292
sample_2_ref_1_3,4.3,"3,6",-3,0.7129535545671055
sample_2_ref_1_3,4.3,"4,5",-3,0.7848145362800206
sample_2_ref_1_3,4.3,"4,6",-3,0.843199146308335
sample_2_ref_1_3,4.3,"5,6",-3,0.9339184254642928
sample_2_ref_1_3,4.4,"1,2",-3,0.5326851046644907
sample_2_ref_1_3,4.4,"1,3",-3,0.5380572942543526
sample_2_ref_1_3,4.4,"1,4",-3,0.52853871736263
sample_2_ref_1_3,4.4,"1,5",-3,0.5384574887208066
sample_2_ref_1_3,4.4,"1,6",-3,0.5591323017096212
sample_2_ref_1_3,4.4,"2,3",-3,0.5160722766130778
sample_2_ref_1_3,4.4,"2,4",-3,0.847383534312203
sample_2_ref_1_3,4.4,"2,5",-3,0.8873860629992935
sample_2_ref_1_3,4.4,"2,6",-3,0.8744554990821057
sample_2_ref_1_3,4.4,"3,4",-3,0.8938124744396663
sample_2_ref_1_3,4.4,"3,5",-3,0.8919258769934943
sample_2_ref_1_3,4.4,"3,6",-3,0.8924339747340644
sample_2_ref_1_3,4.4,"4,5",-3,0.734262283723335
sample_2_ref_1_3,4.4,"4,6",-3,0.7694815832107745
sample_2_ref_1_3,4.4,"5,6",-3,0.8593605261724934
sample_2_ref_1_3,4.5,"1,2",-3,0.4293707758970965
sample_2_ref_1_3,4.5,"1,3",-3,0.43907254343851765
sample_2_ref_1_3,4.5,"1,4",-3,0.5391224506824429
sample_2_ref_1_3,4.5,"1,5",-3,0.48190394807566156
sample_2_ref_1_3,4.5,"1,6",-3,0.5249359519520116
sample_2_ref_1_3,4.5,"2,3",-3,0.6084935252784691
sample_2_ref_1_3,4.5,"2,4",-3,0.7256009943609854
sample_2_ref_1_3,4.5,"2,5",-3,0.698231047359127
sample_2_ref_1_3,4.5,"2,6",-3,0.7133265749910893
sample_2_ref_1_3,4.5,"3,4",-3,0.8246289698090427
sample_2_ref_1_3,4.5,"3,5",-3,0.7499120240546928
sample_2_ref_1_3,4.5,"3,6",-3,0.7083922133046858
sample_2_ref_1_3,4.5,"4,5",-3,0.8110410511139465
sample_2_ref_1_3,4.5,"4,6",-3,0.9174411821975716
sample_2_ref_1_3,4.5,"5,6",-3,0.9243798056562782
sample_2_ref_1_3,4.6,"1,2",-3,0.5151404714548413
sample_2_ref_1_3,4.6,"1,3",-3,0.5088784328159545
sample_2_ref_1_3,4.6,"1,4",-3,0.5257542974732693
sample_2_ref_1_3,4.6,"1,5",-3,0.5074932229050108
sample_2_ref_1_3,4.6,"1,6",-3,0.5171080618892745
sample_2_ref_1_3,4.6,"2,3",-3,0.4540884913923947
sample_2_ref_1_3,4.6,"2,4",-3,0.7388212054731489
sample_2_ref_1_3,4.6,"2,5",-3,0.775456185489356
sample_2_ref_1_3,4.6,"2,6",-3,0.8661797078280489
sample_2_ref_1_3,4.6,"3,4",-3,0.6905421368210699
sample_2_ref_1_3,4.6,"3,5",-3,0.7010224063760202
sample_2_ref_1_3,4.6,"3,6",-3,0.7543593071423306
sample_2_ref_1_3,4.6,"4,5",-3,0.7222629094870995
sample_2_ref_1_3,4.6,"4,6",-3,0.8587603324699482
sample_2_ref_1_3,4.6,"5,6",-3,0.9595364606024815
sample_2_ref_1_3,4.7,"1,2",-3,0.38912987056784754
sample_2_ref_1_3,4.7,"1,3",-3,0.43153406472502986
sample_2_ref_1_3,4.7,"1,4",-3,0.5248812232109547
sample_2_ref_1_3,4.7,"1,5",-3,0.3804907462348099
sample_2_ref_1_3,4.7,"1,6",-3,0.4625984369228207
sample_2_ref_1_3,4.7,"2,3",-3,0.47203900274173266
sample_2_ref_1_3,4.7,"2,4",-3,0.7310276008172684
sample_2_ref_1_3,4.7,"2,5",-3,0.7587000462297341
sample_2_ref_1_3,4.7,"2,6",-3,0.8040584962267039
sample_2_ref_1_3,4.7,"3,4",-3,0.8042743884460153
sample_2_ref_1_3,4.7,"3,5",-3,0.6981144742018842
sample_2_ref_1_3,4.7,"3,6",-3,0.74529556412161
sample_2_ref_1_3,4.7,"4,5",-3,0.9088383345962896
sample_2_ref_1_3,4.7,"4,6",-3,0.8491962859419294
sample_2_ref_1_3,4.7,"5,6",-3,0.8027129264157608
sample_2_ref_1_3,4.8,"1,2",-3,0.4187102111576163
sample_2_ref_1_3,4.8,"1,3",-3,0.3537529158675192
sample_2_ref_1_3,4.8,"1,4",-3,0.4395843183019327
sample_2_ref_1_3,4.8,"1,5",-3,0.5805350334254662
sample_2_ref_1_3,4.8,"1,6",-3,0.500770809944048
sample_2_ref_1_3,4.8,"2,3",-3,0.5221625941843407
sample_2_ref_1_3,4.8,"2,4",-3,0.6067834679467705
sample_2_ref_1_3,4.8,"2,5",-3,0.6999994385775815
sample_2_ref_1_3,4.8,"2,6",-3,0.5812313316394848
sample_2_ref_1_3,4.8,"3,4",-3,0.5882276818199077
sample_2_ref_1_3,4.8,"3,5",-3,0.7041467916946419
sample_2_ref_1_3,4.8,"3,6",-3,0.6152399818948444
sample_2_ref_1_3,4.8,"4,5",-3,0.8369366636719401
sample_2_ref_1_3,4.8,"4,6",-3,0.6070346357038034
sample_2_ref_1_3,4.8,"5,6",-3,0.9049549810376714
sample_2_ref_1_3,4.9,"1,2",-3,0.4117090522355399
sample_2_ref_1_3,4.9,"1,3",-3,0.4172762693047497
sample_2_ref_1_3,4.9,"1,4",-3,0.5026070501801592
sample_2_ref_1_3,4.9,"1,5",-3,0.5081205536819555
sample_2_ref_1_3,4.9,"1,6",-3,0.5139260716974021
sample_2_ref_1_3,4.9,"2,3",-3,0.4533549272359535
sample_2_ref_1_3,4.9,"2,4",-3,0.7922723701484566
sample_2_ref_1_3,4.9,"2,5",-3,0.8227298136311687
sample_2_ref_1_3,4.9,"2,6",-3,0.8158305566512827
sample_2_ref_1_3,4.9,"3,4",-3,0.7636986574910429
sample_2_ref_1_3,4.9,"3,5",-3,0.7015265055220723
sample_2_ref_1_3,4.9,"3,6",-3,0.6933507509731539
sample_2_ref_1_3,4.9,"4,5",-3,0.7620995387730365
sample_2_ref_1_3,4.9,"4,6",-3,0.8564788530661155
sample_2_ref_1_3,4.9,"5,6",-3,0.8469263191412023
sample_2_ref_1_3,5.0,"1,2",-3,0.44652526146077187
sample_2_ref_1_3,5.0,"1,3",-3,0.44562152103812647
sample_2_ref_1_3,5.0,"1,4",-3,0.4666589240875948
sample_2_ref_1_3,5.0,"1,5",-3,0.5379545333063754
sample_2_ref_1_3,5.0,"1,6",-3,0.4911944497108802
sample_2_ref_1_3,5.0,"2,3",-3,0.5450726523623822
sample_2_ref_1_3,5.0,"2,4",-3,0.6954756695679142
sample_2_ref_1_3,5.0,"2,5",-3,0.7662245796501167
sample_2_ref_1_3,5.0,"2,6",-3,0.8195428565860859
sample_2_ref_1_3,5.0,"3,4",-3,0.614543443451752
sample_2_ref_1_3,5.0,"3,5",-3,0.6437926277106345
sample_2_ref_1_3,5.0,"3,6",-3,0.682585717737278
sample_2_ref_1_3,5.0,"4,5",-3,0.7096123232566294
sample_2_ref_1_3,5.0,"4,6",-3,0.7217445067032325
sample_2_ref_1_3,5.0,"5,6",-3,0.8461419795059584
